Momentum_MeV/c	Charge_pC	ChargeDen_pC/MeV/c	acepAngle_mrad	NrmMmt_MeV/c/T	gap Mmt_MeV/c
1.45950202e+00	0.00000000e+00	0.00000000e+00	1.06799488e+01	7.27931182e+00	3.30451287e+01
1.65587180e+00	9.18871965e-03	4.67929413e-02	1.06149303e+01	8.25871223e+00	0.00000000e+00
1.85224158e+00	7.34272928e-03	3.73923586e-02	1.05599162e+01	9.23811263e+00	0.00000000e+00
2.04861136e+00	6.73445400e-03	3.42947574e-02	1.05126454e+01	1.02175130e+01	0.00000000e+00
2.24498115e+00	5.88200263e-03	2.99537057e-02	1.04703948e+01	1.11969134e+01	0.00000000e+00
2.44135093e+00	5.27543513e-03	2.68648012e-02	1.04333619e+01	1.21763138e+01	0.00000000e+00
2.63772071e+00	5.03015765e-03	2.56157420e-02	1.04004239e+01	1.31557143e+01	0.00000000e+00
2.83409049e+00	3.67433251e-03	1.87112930e-02	1.03701114e+01	1.41351147e+01	0.00000000e+00
3.03046027e+00	2.85870235e-03	1.45577509e-02	1.03440075e+01	1.51145151e+01	0.00000000e+00
3.22683005e+00	3.59845244e-03	1.83248788e-02	1.03183349e+01	1.60939155e+01	0.00000000e+00
3.42319983e+00	3.47854861e-03	1.77142765e-02	1.02942357e+01	1.70733159e+01	0.00000000e+00
3.61956961e+00	2.84648964e-03	1.44955584e-02	1.02719872e+01	1.80527163e+01	0.00000000e+00
3.81593940e+00	3.08917333e-03	1.57314089e-02	1.02502752e+01	1.90321167e+01	0.00000000e+00
4.01230918e+00	3.58318165e-03	1.82471133e-02	1.02290702e+01	2.00115171e+01	0.00000000e+00
4.20867896e+00	4.08361448e-03	2.07955341e-02	1.02083931e+01	2.09909175e+01	0.00000000e+00
4.40504874e+00	4.70542570e-03	2.39620662e-02	1.01886814e+01	2.19703179e+01	0.00000000e+00
4.60141852e+00	4.98482735e-03	2.53849004e-02	1.01686371e+01	2.29497183e+01	0.00000000e+00
4.79778830e+00	4.78825669e-03	2.43838775e-02	1.01494575e+01	2.39291187e+01	0.00000000e+00
4.99415808e+00	4.25240830e-03	2.16551053e-02	1.01300338e+01	2.49085191e+01	0.00000000e+00
5.19052786e+00	4.70202311e-03	2.39447387e-02	1.01110003e+01	2.58879195e+01	0.00000000e+00
5.38689765e+00	4.90536480e-03	2.49802427e-02	1.00921026e+01	2.68673199e+01	0.00000000e+00
5.58326743e+00	5.01491251e-03	2.55381071e-02	1.00732368e+01	2.78467203e+01	0.00000000e+00
5.77963721e+00	4.69957651e-03	2.39322796e-02	1.00546313e+01	2.88261207e+01	0.00000000e+00
5.97600699e+00	4.62701154e-03	2.35627473e-02	1.00362827e+01	2.98055211e+01	0.00000000e+00
6.17237677e+00	4.81740535e-03	2.45323151e-02	1.00176364e+01	3.07849216e+01	0.00000000e+00
6.36874655e+00	5.24569451e-03	2.67133490e-02	9.99907972e+00	3.17643220e+01	0.00000000e+00
6.56511633e+00	4.97465867e-03	2.53331171e-02	9.98059139e+00	3.27437224e+01	0.00000000e+00
6.76148612e+00	4.83739244e-03	2.46340980e-02	9.96217199e+00	3.37231228e+01	0.00000000e+00
6.95785590e+00	4.49947398e-03	2.29132708e-02	9.94382237e+00	3.47025232e+01	0.00000000e+00
7.15422568e+00	4.26253654e-03	2.17066827e-02	9.92553851e+00	3.56819236e+01	0.00000000e+00
7.35059546e+00	4.16210041e-03	2.11952184e-02	9.90732145e+00	3.66613240e+01	0.00000000e+00
7.54696524e+00	4.78280350e-03	2.43561075e-02	9.88905383e+00	3.76407244e+01	0.00000000e+00
7.74333502e+00	4.52884091e-03	2.30628200e-02	9.87104206e+00	3.86201248e+01	0.00000000e+00
7.93970480e+00	3.60331855e-03	1.83496592e-02	9.85257893e+00	3.95995252e+01	0.00000000e+00
8.13607458e+00	3.99402266e-03	2.03392937e-02	9.83468597e+00	4.05789256e+01	0.00000000e+00
8.33244437e+00	4.40036578e-03	2.24085689e-02	9.81637322e+00	4.15583260e+01	0.00000000e+00
8.52881415e+00	3.72583076e-03	1.89735444e-02	9.79815387e+00	4.25377264e+01	0.00000000e+00
8.72518393e+00	3.71035287e-03	1.88947242e-02	9.78000215e+00	4.35171268e+01	0.00000000e+00
8.92155371e+00	3.96937924e-03	2.02137987e-02	9.76191770e+00	4.44965272e+01	0.00000000e+00
9.11792349e+00	3.53092147e-03	1.79809818e-02	9.74390004e+00	4.54759276e+01	0.00000000e+00
9.31429327e+00	3.25575363e-03	1.65797080e-02	9.72594916e+00	4.64553280e+01	0.00000000e+00
9.51066305e+00	3.12348537e-03	1.59061407e-02	9.70808471e+00	4.74347284e+01	0.00000000e+00
9.70703283e+00	3.29808928e-03	1.67952995e-02	9.68982009e+00	4.84141289e+01	0.00000000e+00
9.90340262e+00	3.54381359e-03	1.80466341e-02	9.67173677e+00	4.93935293e+01	0.00000000e+00
1.00997724e+01	3.52924431e-03	1.79724410e-02	9.65401538e+00	5.03729297e+01	0.00000000e+00
1.02961422e+01	3.42434709e-03	1.74382589e-02	9.63596241e+00	5.13523301e+01	0.00000000e+00
1.04925120e+01	3.69807806e-03	1.88322156e-02	9.61767970e+00	5.23317305e+01	0.00000000e+00
1.06888817e+01	3.94005791e-03	2.00644818e-02	9.59986918e+00	5.33111309e+01	0.00000000e+00
1.08852515e+01	3.71429544e-03	1.89148015e-02	9.58186644e+00	5.42905313e+01	0.00000000e+00
1.10816213e+01	3.28953172e-03	1.67517207e-02	9.56387568e+00	5.52699317e+01	0.00000000e+00
1.12779911e+01	3.20918754e-03	1.63425733e-02	9.54579982e+00	5.62493321e+01	0.00000000e+00
1.14743609e+01	3.05945103e-03	1.55800501e-02	9.52778510e+00	5.72287325e+01	0.00000000e+00
1.16707306e+01	3.00284330e-03	1.52917790e-02	9.50968940e+00	5.82081329e+01	0.00000000e+00
1.18671004e+01	2.76092996e-03	1.40598515e-02	9.49160353e+00	5.91875333e+01	0.00000000e+00
1.20634702e+01	3.16761911e-03	1.61308888e-02	9.47336029e+00	6.01669337e+01	0.00000000e+00
1.22598400e+01	3.03765891e-03	1.54690752e-02	9.45522098e+00	6.11463341e+01	0.00000000e+00
1.24562098e+01	2.84050088e-03	1.44650611e-02	9.43705798e+00	6.21257345e+01	0.00000000e+00
1.26525796e+01	2.72094852e-03	1.38562487e-02	9.41913141e+00	6.31051349e+01	0.00000000e+00
1.28489493e+01	2.71644947e-03	1.38333376e-02	9.40080311e+00	6.40845353e+01	0.00000000e+00
1.30453191e+01	3.39103873e-03	1.72686383e-02	9.38254092e+00	6.50639357e+01	0.00000000e+00
1.32416889e+01	2.88683822e-03	1.47010309e-02	9.36403717e+00	6.60433362e+01	0.00000000e+00
1.34380587e+01	3.04027691e-03	1.54824072e-02	9.34593916e+00	6.70227366e+01	0.00000000e+00
1.36344285e+01	3.31470057e-03	1.68798913e-02	9.32755226e+00	6.80021370e+01	0.00000000e+00
1.38307982e+01	3.30442756e-03	1.68275767e-02	9.30886181e+00	6.89815374e+01	0.00000000e+00
1.40271680e+01	3.27982822e-03	1.67023062e-02	9.29024678e+00	6.99609378e+01	0.00000000e+00
1.42235378e+01	2.76356460e-03	1.40732682e-02	9.27170673e+00	7.09403382e+01	0.00000000e+00
1.44199076e+01	3.02553735e-03	1.54073470e-02	9.25326352e+00	7.19197386e+01	0.00000000e+00
1.46162774e+01	3.58005431e-03	1.82311876e-02	9.23448698e+00	7.28991390e+01	0.00000000e+00
1.48126471e+01	3.01943207e-03	1.53762562e-02	9.21578787e+00	7.38785394e+01	0.00000000e+00
1.50090169e+01	2.98612654e-03	1.52066500e-02	9.19689113e+00	7.48579398e+01	0.00000000e+00
1.52053867e+01	2.83419005e-03	1.44329236e-02	9.17802997e+00	7.58373402e+01	0.00000000e+00
1.54017565e+01	3.04299772e-03	1.54962627e-02	9.15878240e+00	7.68167406e+01	0.00000000e+00
1.55981263e+01	3.41908301e-03	1.74114520e-02	9.13987486e+00	7.77961410e+01	0.00000000e+00
1.57944961e+01	3.53332902e-03	1.79932421e-02	9.12047502e+00	7.87755414e+01	0.00000000e+00
1.59908658e+01	3.30965258e-03	1.68541848e-02	9.10117899e+00	7.97549418e+01	0.00000000e+00
1.61872356e+01	3.93612864e-03	2.00444723e-02	9.08199219e+00	8.07343422e+01	0.00000000e+00
1.63836054e+01	3.76742762e-03	1.91853736e-02	9.06245583e+00	8.17137426e+01	0.00000000e+00
1.65799752e+01	3.81288454e-03	1.94168600e-02	9.04290735e+00	8.26931430e+01	0.00000000e+00
1.67763450e+01	4.34126106e-03	2.21075821e-02	9.02323833e+00	8.36725435e+01	0.00000000e+00
1.69727147e+01	4.28151153e-03	2.18033116e-02	9.00355793e+00	8.46519439e+01	0.00000000e+00
1.71690845e+01	4.74807204e-03	2.41792398e-02	8.98374293e+00	8.56313443e+01	0.00000000e+00
1.73654543e+01	4.82290754e-03	2.45603346e-02	8.96360425e+00	8.66107447e+01	0.00000000e+00
1.75618241e+01	4.94388466e-03	2.51764025e-02	8.94359534e+00	8.75901451e+01	0.00000000e+00
1.77581939e+01	4.94737971e-03	2.51942008e-02	8.92329116e+00	8.85695455e+01	0.00000000e+00
1.79545636e+01	5.24182563e-03	2.66936470e-02	8.90308112e+00	8.95489459e+01	0.00000000e+00
1.81509334e+01	5.93869468e-03	3.02424062e-02	8.88264511e+00	9.05283463e+01	0.00000000e+00
1.83473032e+01	6.46576386e-03	3.29264707e-02	8.86197597e+00	9.15077467e+01	0.00000000e+00
1.85436730e+01	8.38725278e-03	4.27115248e-02	8.84139816e+00	9.24871471e+01	0.00000000e+00
1.87400428e+01	6.82236196e-03	3.47424228e-02	8.82026316e+00	9.34665475e+01	0.00000000e+00
1.89364126e+01	5.90639846e-03	3.00779398e-02	8.79954720e+00	9.44459479e+01	0.00000000e+00
1.91327823e+01	5.51285189e-03	2.80738302e-02	8.77828532e+00	9.54253483e+01	0.00000000e+00
1.93291521e+01	5.05495482e-03	2.57420199e-02	8.75713234e+00	9.64047487e+01	0.00000000e+00
1.95255219e+01	4.63111684e-03	2.35836533e-02	8.73570282e+00	9.73841491e+01	0.00000000e+00
1.97218917e+01	4.09911728e-03	2.08744811e-02	8.71416728e+00	9.83635495e+01	0.00000000e+00
1.99182615e+01	3.45950017e-03	1.76172736e-02	8.69229096e+00	9.93429499e+01	0.00000000e+00
2.01146312e+01	3.20937349e-03	1.63435202e-02	8.67032020e+00	1.00322350e+02	0.00000000e+00
2.03110010e+01	3.06358411e-03	1.56010975e-02	8.64836928e+00	1.01301751e+02	0.00000000e+00
2.05073708e+01	2.94785345e-03	1.50117469e-02	8.62637634e+00	1.02281151e+02	0.00000000e+00
2.07037406e+01	2.87780543e-03	1.46550320e-02	8.60401715e+00	1.03260552e+02	0.00000000e+00
2.09001104e+01	2.88262864e-03	1.46795939e-02	8.58140449e+00	1.04239952e+02	0.00000000e+00
2.10964802e+01	2.68045350e-03	1.36500305e-02	8.55883123e+00	1.05219352e+02	0.00000000e+00
2.12928499e+01	2.57903087e-03	1.31335425e-02	8.53583471e+00	1.06198753e+02	0.00000000e+00
2.14892197e+01	2.53038191e-03	1.28858009e-02	8.51290342e+00	1.07178153e+02	0.00000000e+00
2.16855895e+01	2.36809360e-03	1.20593586e-02	8.48953333e+00	1.08157554e+02	0.00000000e+00
2.18819593e+01	2.20068829e-03	1.12068582e-02	8.46625692e+00	1.09136954e+02	0.00000000e+00
2.20783291e+01	2.11129683e-03	1.07516381e-02	8.44252744e+00	1.10116354e+02	0.00000000e+00
2.22746988e+01	2.05185081e-03	1.04489133e-02	8.41886300e+00	1.11095755e+02	0.00000000e+00
2.24710686e+01	2.37424448e-03	1.20906815e-02	8.39485283e+00	1.12075155e+02	0.00000000e+00
2.26674384e+01	1.05563438e-04	5.37574758e-04	8.37063433e+00	1.13054556e+02	0.00000000e+00
2.28638082e+01	0.00000000e+00	0.00000000e+00	8.35770141e+00	1.14033956e+02	0.00000000e+00
2.30601780e+01	0.00000000e+00	0.00000000e+00	8.35052135e+00	1.15013356e+02	0.00000000e+00
2.32565477e+01	0.00000000e+00	0.00000000e+00	8.34334128e+00	1.15992757e+02	0.00000000e+00
2.34529175e+01	0.00000000e+00	0.00000000e+00	8.33616122e+00	1.16972157e+02	0.00000000e+00
2.36492873e+01	0.00000000e+00	0.00000000e+00	8.32898115e+00	1.17951558e+02	0.00000000e+00
2.38456571e+01	0.00000000e+00	0.00000000e+00	8.32180109e+00	1.18930958e+02	0.00000000e+00
2.40420269e+01	0.00000000e+00	0.00000000e+00	8.31462102e+00	1.19910358e+02	0.00000000e+00
2.42383967e+01	0.00000000e+00	0.00000000e+00	8.30744096e+00	1.20889759e+02	0.00000000e+00
2.44347664e+01	0.00000000e+00	0.00000000e+00	8.30026089e+00	1.21869159e+02	0.00000000e+00
2.46311362e+01	0.00000000e+00	0.00000000e+00	8.29308083e+00	1.22848560e+02	0.00000000e+00
2.48275060e+01	0.00000000e+00	0.00000000e+00	8.28590076e+00	1.23827960e+02	0.00000000e+00
2.50238758e+01	0.00000000e+00	0.00000000e+00	8.27872070e+00	1.24807360e+02	0.00000000e+00
2.52202456e+01	0.00000000e+00	0.00000000e+00	8.27154063e+00	1.25786761e+02	0.00000000e+00
2.54166153e+01	0.00000000e+00	0.00000000e+00	8.26436057e+00	1.26766161e+02	0.00000000e+00
2.56129851e+01	0.00000000e+00	0.00000000e+00	8.25718050e+00	1.27745562e+02	0.00000000e+00
2.58093549e+01	0.00000000e+00	0.00000000e+00	8.25000044e+00	1.28724962e+02	0.00000000e+00
2.60057247e+01	0.00000000e+00	0.00000000e+00	8.24282037e+00	1.29704363e+02	0.00000000e+00
2.62020945e+01	0.00000000e+00	0.00000000e+00	8.23564031e+00	1.30683763e+02	0.00000000e+00
2.63984642e+01	0.00000000e+00	0.00000000e+00	8.22846024e+00	1.31663163e+02	0.00000000e+00
2.65948340e+01	0.00000000e+00	0.00000000e+00	8.22128018e+00	1.32642564e+02	0.00000000e+00
2.67912038e+01	0.00000000e+00	0.00000000e+00	8.21410011e+00	1.33621964e+02	0.00000000e+00
2.69875736e+01	0.00000000e+00	0.00000000e+00	8.20692005e+00	1.34601365e+02	0.00000000e+00
2.71839434e+01	0.00000000e+00	0.00000000e+00	8.19973998e+00	1.35580765e+02	0.00000000e+00
2.73803132e+01	0.00000000e+00	0.00000000e+00	8.19255992e+00	1.36560165e+02	0.00000000e+00
2.75766829e+01	0.00000000e+00	0.00000000e+00	8.18537985e+00	1.37539566e+02	0.00000000e+00
2.77730527e+01	0.00000000e+00	0.00000000e+00	8.17819979e+00	1.38518966e+02	0.00000000e+00
2.79694225e+01	0.00000000e+00	0.00000000e+00	8.17101972e+00	1.39498367e+02	0.00000000e+00
2.81657923e+01	0.00000000e+00	0.00000000e+00	8.16383966e+00	1.40477767e+02	0.00000000e+00
2.83621621e+01	0.00000000e+00	0.00000000e+00	8.15665960e+00	1.41457167e+02	0.00000000e+00
2.85585318e+01	0.00000000e+00	0.00000000e+00	8.14947953e+00	1.42436568e+02	0.00000000e+00
2.87549016e+01	0.00000000e+00	0.00000000e+00	8.14229947e+00	1.43415968e+02	0.00000000e+00
2.89512714e+01	0.00000000e+00	0.00000000e+00	8.13511940e+00	1.44395369e+02	0.00000000e+00
2.91476412e+01	0.00000000e+00	0.00000000e+00	8.12793934e+00	1.45374769e+02	0.00000000e+00
2.93440110e+01	0.00000000e+00	0.00000000e+00	8.12075927e+00	1.46354169e+02	0.00000000e+00
2.95403807e+01	0.00000000e+00	0.00000000e+00	8.11357921e+00	1.47333570e+02	0.00000000e+00
2.97367505e+01	0.00000000e+00	0.00000000e+00	8.10639914e+00	1.48312970e+02	0.00000000e+00
2.99331203e+01	0.00000000e+00	0.00000000e+00	8.09921908e+00	1.49292371e+02	0.00000000e+00
3.01294901e+01	0.00000000e+00	0.00000000e+00	8.09203901e+00	1.50271771e+02	0.00000000e+00
3.03258599e+01	0.00000000e+00	0.00000000e+00	8.08485895e+00	1.51251171e+02	0.00000000e+00
3.05222297e+01	0.00000000e+00	0.00000000e+00	8.07767888e+00	1.52230572e+02	0.00000000e+00
3.07185994e+01	0.00000000e+00	0.00000000e+00	8.07049882e+00	1.53209972e+02	0.00000000e+00
3.09149692e+01	0.00000000e+00	0.00000000e+00	8.06331875e+00	1.54189373e+02	0.00000000e+00
3.11113390e+01	0.00000000e+00	0.00000000e+00	8.05613869e+00	1.55168773e+02	0.00000000e+00
3.13077088e+01	0.00000000e+00	0.00000000e+00	8.04895862e+00	1.56148173e+02	0.00000000e+00
3.15040786e+01	0.00000000e+00	0.00000000e+00	8.04177856e+00	1.57127574e+02	0.00000000e+00
3.17004483e+01	0.00000000e+00	0.00000000e+00	8.03459849e+00	1.58106974e+02	0.00000000e+00
3.18968181e+01	0.00000000e+00	0.00000000e+00	8.02741843e+00	1.59086375e+02	0.00000000e+00
3.20931879e+01	0.00000000e+00	0.00000000e+00	8.02023836e+00	1.60065775e+02	0.00000000e+00
3.22895577e+01	0.00000000e+00	0.00000000e+00	8.01305830e+00	1.61045175e+02	0.00000000e+00
3.24859275e+01	0.00000000e+00	0.00000000e+00	8.00587823e+00	1.62024576e+02	0.00000000e+00
3.26822972e+01	0.00000000e+00	0.00000000e+00	7.99869817e+00	1.63003976e+02	0.00000000e+00
3.28786670e+01	0.00000000e+00	0.00000000e+00	7.99151810e+00	1.63983377e+02	0.00000000e+00
3.30750368e+01	0.00000000e+00	0.00000000e+00	7.98618803e+00	1.64962777e+02	0.00000000e+00
3.32714066e+01	6.37085600e-03	3.24431588e-02	7.99140586e+00	1.65942178e+02	0.00000000e+00
3.34677764e+01	7.95897375e-03	4.05305424e-02	7.99638088e+00	1.66921578e+02	0.00000000e+00
3.36641462e+01	9.01211911e-03	4.58936148e-02	8.00107557e+00	1.67900978e+02	0.00000000e+00
3.38605159e+01	9.94075931e-03	5.06226531e-02	8.00576165e+00	1.68880379e+02	0.00000000e+00
3.40568857e+01	1.03742096e-02	5.28299700e-02	8.01045437e+00	1.69859779e+02	0.00000000e+00
3.42532555e+01	8.69520471e-03	4.42797494e-02	8.01516835e+00	1.70839180e+02	0.00000000e+00
3.44496253e+01	1.06695918e-02	5.43341841e-02	8.01965196e+00	1.71818580e+02	0.00000000e+00
3.46459951e+01	1.07678792e-02	5.48347061e-02	8.02381974e+00	1.72797980e+02	0.00000000e+00
3.48423648e+01	9.01678836e-03	4.59173927e-02	8.02822551e+00	1.73777381e+02	0.00000000e+00
3.50387346e+01	8.52657661e-03	4.34210221e-02	8.03245016e+00	1.74756781e+02	0.00000000e+00
3.52351044e+01	9.15101291e-03	4.66009222e-02	8.03660623e+00	1.75736182e+02	0.00000000e+00
3.54314742e+01	9.36311377e-03	4.76810317e-02	8.04080489e+00	1.76715582e+02	0.00000000e+00
3.56278440e+01	9.47781965e-03	4.82651638e-02	8.04477281e+00	1.77694982e+02	0.00000000e+00
3.58242137e+01	1.10676417e-02	5.63612265e-02	8.04866128e+00	1.78674383e+02	0.00000000e+00
3.60205835e+01	1.13189605e-02	5.76410508e-02	8.05259401e+00	1.79653783e+02	0.00000000e+00
3.62169533e+01	1.05321179e-02	5.36341072e-02	8.05631328e+00	1.80633184e+02	0.00000000e+00
3.64133231e+01	1.05243953e-02	5.35947804e-02	8.05993281e+00	1.81612584e+02	0.00000000e+00
3.66096929e+01	9.51617902e-03	4.84605063e-02	8.06357255e+00	1.82591984e+02	0.00000000e+00
3.68060627e+01	1.00663820e-02	5.12623783e-02	8.06721018e+00	1.83571385e+02	0.00000000e+00
3.70024324e+01	1.11074755e-02	5.65640774e-02	8.07087765e+00	1.84550785e+02	0.00000000e+00
3.71988022e+01	1.01236680e-02	5.15541034e-02	8.07436911e+00	1.85530186e+02	0.00000000e+00
3.73951720e+01	1.10159079e-02	5.60977754e-02	8.07771671e+00	1.86509586e+02	0.00000000e+00
3.75915418e+01	1.14337813e-02	5.82257677e-02	8.08111581e+00	1.87488986e+02	0.00000000e+00
3.77879116e+01	1.10425474e-02	5.62334353e-02	8.08433362e+00	1.88468387e+02	0.00000000e+00
3.79842813e+01	1.29076921e-02	6.57315600e-02	8.08755316e+00	1.89447787e+02	0.00000000e+00
3.81806511e+01	1.05513481e-02	5.37320358e-02	8.09083847e+00	1.90427188e+02	0.00000000e+00
3.83770209e+01	9.71826573e-03	4.94896194e-02	8.09391285e+00	1.91406588e+02	0.00000000e+00
3.85733907e+01	1.08412708e-02	5.52084479e-02	8.09703892e+00	1.92385988e+02	0.00000000e+00
3.87697605e+01	1.12072277e-02	5.70720586e-02	8.10002727e+00	1.93365389e+02	0.00000000e+00
3.89661303e+01	1.00140343e-02	5.09958011e-02	8.10293491e+00	1.94344789e+02	0.00000000e+00
3.91625000e+01	9.87959246e-03	5.03111650e-02	8.10598572e+00	1.95324190e+02	0.00000000e+00
3.93588698e+01	1.07005309e-02	5.44917389e-02	8.10879095e+00	1.96303590e+02	0.00000000e+00
3.95552396e+01	1.10039556e-02	5.60369091e-02	8.11162404e+00	1.97282990e+02	0.00000000e+00
3.97516094e+01	1.14802978e-02	5.84626503e-02	8.11446735e+00	1.98262391e+02	0.00000000e+00
3.99479792e+01	1.09773897e-02	5.59016240e-02	8.11724339e+00	1.99241791e+02	0.00000000e+00
4.01443489e+01	1.23554828e-02	6.29194713e-02	8.11976896e+00	2.00221192e+02	0.00000000e+00
4.03407187e+01	1.19469130e-02	6.08388566e-02	8.12237823e+00	2.01200592e+02	0.00000000e+00
4.05370885e+01	1.41055597e-02	7.18316209e-02	8.12519723e+00	2.02179993e+02	0.00000000e+00
4.07334583e+01	1.21294267e-02	6.17682955e-02	8.12773655e+00	2.03159393e+02	0.00000000e+00
4.09298281e+01	1.03357361e-02	5.26340458e-02	8.13030381e+00	2.04138793e+02	0.00000000e+00
4.11261978e+01	1.12454476e-02	5.72666908e-02	8.13283491e+00	2.05118194e+02	0.00000000e+00
4.13225676e+01	1.22152390e-02	6.22052892e-02	8.13512393e+00	2.06097594e+02	0.00000000e+00
4.15189374e+01	1.28617706e-02	6.54977078e-02	8.13768483e+00	2.07076995e+02	0.00000000e+00
4.17153072e+01	1.37336397e-02	6.99376434e-02	8.13995697e+00	2.08056395e+02	0.00000000e+00
4.19116770e+01	1.30339223e-02	6.63743791e-02	8.14224024e+00	2.09035795e+02	0.00000000e+00
4.21080468e+01	1.20421074e-02	6.13236278e-02	8.14452403e+00	2.10015196e+02	0.00000000e+00
4.23044165e+01	1.22397722e-02	6.23302229e-02	8.14680923e+00	2.10994596e+02	0.00000000e+00
4.25007863e+01	1.29259922e-02	6.58247521e-02	8.14909575e+00	2.11973997e+02	0.00000000e+00
4.26971561e+01	1.39196551e-02	7.08849142e-02	8.15138326e+00	2.12953397e+02	0.00000000e+00
4.28935259e+01	1.32864117e-02	6.76601644e-02	8.15368098e+00	2.13932797e+02	0.00000000e+00
4.30898957e+01	1.36246213e-02	6.93824742e-02	8.15569866e+00	2.14912198e+02	0.00000000e+00
4.32862654e+01	1.11187198e-02	5.66213380e-02	8.15768955e+00	2.15891598e+02	0.00000000e+00
4.34826352e+01	1.26335105e-02	6.43353085e-02	8.15997296e+00	2.16870999e+02	0.00000000e+00
4.36790050e+01	1.47712954e-02	7.52218354e-02	8.16201061e+00	2.17850399e+02	0.00000000e+00
4.38753748e+01	1.20782888e-02	6.15078793e-02	8.16401466e+00	2.18829799e+02	0.00000000e+00
4.40717446e+01	1.24350758e-02	6.33247933e-02	8.16602237e+00	2.19809200e+02	0.00000000e+00
4.42681143e+01	1.40304969e-02	7.14493689e-02	8.16805668e+00	2.20788600e+02	0.00000000e+00
4.44644841e+01	1.40237864e-02	7.14151959e-02	8.16980707e+00	2.21768001e+02	0.00000000e+00
4.46608539e+01	1.62029892e-02	8.25126407e-02	8.17177724e+00	2.22747401e+02	0.00000000e+00
4.48572237e+01	1.38211239e-02	7.03831508e-02	8.17355230e+00	2.23726801e+02	0.00000000e+00
4.50535935e+01	1.53152079e-02	7.79916737e-02	8.17550748e+00	2.24706202e+02	0.00000000e+00
4.52499633e+01	1.28361447e-02	6.53672098e-02	8.17732209e+00	2.25685602e+02	0.00000000e+00
4.54463330e+01	1.33255938e-02	6.78596967e-02	8.17901495e+00	2.26665003e+02	0.00000000e+00
4.56427028e+01	1.44648345e-02	7.36612041e-02	8.18096515e+00	2.27644403e+02	0.00000000e+00
4.58390726e+01	1.50856549e-02	7.68226902e-02	8.18280281e+00	2.28623803e+02	0.00000000e+00
4.60354424e+01	1.32888951e-02	6.76728110e-02	8.18451583e+00	2.29603204e+02	0.00000000e+00
4.62318122e+01	1.30529945e-02	6.64715028e-02	8.18627432e+00	2.30582604e+02	0.00000000e+00
4.64281819e+01	1.44760026e-02	7.37180767e-02	8.18781202e+00	2.31562005e+02	0.00000000e+00
4.66245517e+01	1.53038018e-02	7.79335890e-02	8.18939600e+00	2.32541405e+02	0.00000000e+00
4.68209215e+01	1.64327392e-02	8.36826270e-02	8.19117639e+00	2.33520805e+02	0.00000000e+00
4.70172913e+01	1.57899184e-02	8.04091053e-02	8.19273477e+00	2.34500206e+02	0.00000000e+00
4.72136611e+01	1.61050409e-02	8.20138453e-02	8.19432235e+00	2.35479606e+02	0.00000000e+00
4.74100308e+01	1.69021803e-02	8.60732245e-02	8.19592519e+00	2.36459007e+02	0.00000000e+00
4.76064006e+01	1.91783781e-02	9.76646099e-02	8.19749207e+00	2.37438407e+02	0.00000000e+00
4.78027704e+01	1.60268515e-02	8.16156712e-02	8.19913114e+00	2.38417808e+02	0.00000000e+00
4.79991402e+01	1.50299008e-02	7.65387664e-02	8.20055668e+00	2.39397208e+02	0.00000000e+00
4.81955100e+01	1.41432894e-02	7.20237567e-02	8.20200641e+00	2.40376608e+02	0.00000000e+00
4.83918798e+01	1.36764480e-02	6.96463985e-02	8.20345423e+00	2.41356009e+02	0.00000000e+00
4.85882495e+01	1.45246010e-02	7.39655607e-02	8.20490322e+00	2.42335409e+02	0.00000000e+00
4.87846193e+01	1.64431577e-02	8.37356827e-02	8.20635242e+00	2.43314810e+02	0.00000000e+00
4.89809891e+01	1.61297715e-02	8.21397845e-02	8.20780269e+00	2.44294210e+02	0.00000000e+00
4.91773589e+01	1.71927314e-02	8.75528368e-02	8.20925174e+00	2.45273610e+02	0.00000000e+00
4.93737287e+01	1.85973765e-02	9.47058982e-02	8.21071387e+00	2.46253011e+02	0.00000000e+00
4.95700984e+01	1.79471291e-02	9.13945566e-02	8.21209523e+00	2.47232411e+02	0.00000000e+00
4.97664682e+01	1.90961472e-02	9.72458546e-02	8.21329655e+00	2.48211812e+02	0.00000000e+00
4.99628380e+01	1.87582798e-02	9.55252876e-02	8.21471555e+00	2.49191212e+02	0.00000000e+00
5.01592078e+01	1.97830035e-02	1.00743625e-01	8.21590415e+00	2.50170612e+02	0.00000000e+00
5.03555776e+01	1.80898421e-02	9.21213128e-02	8.21733568e+00	2.51150013e+02	0.00000000e+00
5.05519473e+01	1.78615681e-02	9.09588429e-02	8.21851777e+00	2.52129413e+02	0.00000000e+00
5.07483171e+01	1.71033610e-02	8.70977242e-02	8.21996093e+00	2.53108814e+02	0.00000000e+00
5.09446869e+01	1.77232504e-02	9.02544695e-02	8.22111429e+00	2.54088214e+02	0.00000000e+00
5.11410567e+01	2.02064436e-02	1.02899965e-01	8.22227652e+00	2.55067614e+02	0.00000000e+00
5.13374265e+01	2.23328124e-02	1.13728356e-01	8.22345329e+00	2.56047015e+02	0.00000000e+00
5.15337963e+01	2.07291694e-02	1.05561911e-01	8.22490708e+00	2.57026415e+02	0.00000000e+00
5.17301660e+01	1.85962343e-02	9.47000817e-02	8.22607023e+00	2.58005816e+02	0.00000000e+00
5.19265358e+01	2.13307436e-02	1.08625388e-01	8.22723534e+00	2.58985216e+02	0.00000000e+00
5.21229056e+01	2.16918874e-02	1.10464488e-01	8.22840119e+00	2.59964616e+02	0.00000000e+00
5.23192754e+01	2.28007843e-02	1.16111471e-01	8.22956731e+00	2.60944017e+02	0.00000000e+00
5.25156452e+01	2.47465817e-02	1.26020315e-01	8.23073357e+00	2.61923417e+02	0.00000000e+00
5.27120149e+01	2.13268185e-02	1.08605399e-01	8.23191007e+00	2.62902818e+02	0.00000000e+00
5.29083847e+01	2.31254987e-02	1.17765058e-01	8.23279763e+00	2.63882218e+02	0.00000000e+00
5.31047545e+01	2.19776490e-02	1.11919710e-01	8.23393297e+00	2.64861618e+02	0.00000000e+00
5.33011243e+01	2.21608119e-02	1.12852455e-01	8.23510381e+00	2.65841019e+02	0.00000000e+00
5.34974941e+01	2.56253355e-02	1.30495310e-01	8.23629260e+00	2.66820419e+02	0.00000000e+00
5.36938638e+01	2.57625098e-02	1.31193861e-01	8.23719354e+00	2.67799820e+02	0.00000000e+00
5.38902336e+01	2.29456693e-02	1.16849289e-01	8.23832330e+00	2.68779220e+02	0.00000000e+00
5.40866034e+01	2.44196629e-02	1.24355503e-01	8.23924178e+00	2.69758621e+02	0.00000000e+00
5.42829732e+01	1.95696574e-02	9.96571735e-02	8.24036434e+00	2.70738021e+02	0.00000000e+00
5.44793430e+01	2.10184080e-02	1.07034839e-01	8.24129832e+00	2.71717421e+02	0.00000000e+00
5.46757128e+01	2.36634833e-02	1.20504709e-01	8.24240301e+00	2.72696822e+02	0.00000000e+00
5.48720825e+01	2.29598517e-02	1.16921512e-01	8.24337049e+00	2.73676222e+02	0.00000000e+00
5.50684523e+01	2.72318321e-02	1.38676287e-01	8.24421795e+00	2.74655623e+02	0.00000000e+00
5.52648221e+01	2.72269788e-02	1.38651571e-01	8.24531492e+00	2.75635023e+02	0.00000000e+00
5.54611919e+01	2.14875651e-02	1.09423991e-01	8.24630437e+00	2.76614423e+02	0.00000000e+00
5.56575617e+01	2.54165419e-02	1.29432043e-01	8.24717077e+00	2.77593824e+02	0.00000000e+00
5.58539314e+01	2.71437063e-02	1.38227512e-01	8.24803152e+00	2.78573224e+02	0.00000000e+00
5.60503012e+01	2.50895679e-02	1.27766949e-01	8.24909728e+00	2.79552625e+02	0.00000000e+00
5.62466710e+01	2.65338750e-02	1.35121987e-01	8.25012145e+00	2.80532025e+02	0.00000000e+00
5.64430408e+01	2.51121939e-02	1.27882171e-01	8.25098408e+00	2.81511425e+02	0.00000000e+00
5.66394106e+01	2.38008079e-02	1.21204025e-01	8.25186448e+00	2.82490826e+02	0.00000000e+00
5.68357803e+01	2.74251304e-02	1.39660645e-01	8.25274386e+00	2.83470226e+02	0.00000000e+00
5.70321501e+01	2.84993373e-02	1.45130972e-01	8.25362345e+00	2.84449627e+02	0.00000000e+00
5.72285199e+01	2.61373770e-02	1.33102847e-01	8.25450375e+00	2.85429027e+02	0.00000000e+00
5.74248897e+01	2.57440221e-02	1.31099714e-01	8.25538254e+00	2.86408427e+02	0.00000000e+00
5.76212595e+01	2.42445354e-02	1.23463678e-01	8.25628141e+00	2.87387828e+02	0.00000000e+00
5.78176293e+01	2.33439661e-02	1.18877589e-01	8.25703896e+00	2.88367228e+02	0.00000000e+00
5.80139990e+01	2.63060964e-02	1.33962039e-01	8.25770140e+00	2.89346629e+02	0.00000000e+00
5.82103688e+01	2.68335759e-02	1.36648193e-01	8.25860625e+00	2.90326029e+02	0.00000000e+00
5.84067386e+01	2.56077915e-02	1.30405969e-01	8.25950044e+00	2.91305429e+02	0.00000000e+00
5.86031084e+01	2.51418929e-02	1.28033411e-01	8.26029239e+00	2.92284830e+02	0.00000000e+00
5.87994782e+01	2.70662438e-02	1.37833039e-01	8.26092253e+00	2.93264230e+02	0.00000000e+00
5.89958479e+01	2.41456437e-02	1.22960078e-01	8.26184183e+00	2.94243631e+02	0.00000000e+00
5.91922177e+01	2.55761227e-02	1.30244697e-01	8.26265350e+00	2.95223031e+02	0.00000000e+00
5.93885875e+01	3.03523150e-02	1.54567137e-01	8.26327302e+00	2.96202431e+02	0.00000000e+00
5.95849573e+01	2.73895911e-02	1.39479664e-01	8.26418424e+00	2.97181832e+02	0.00000000e+00
5.97813271e+01	2.55235707e-02	1.29977080e-01	8.26501592e+00	2.98161232e+02	0.00000000e+00
5.99776969e+01	2.78750486e-02	1.41951824e-01	8.26562593e+00	2.99140633e+02	0.00000000e+00
6.01740666e+01	2.87572782e-02	1.46444519e-01	8.26651444e+00	3.00120033e+02	0.00000000e+00
6.03704364e+01	2.29655824e-02	1.16950695e-01	8.26728674e+00	3.01099433e+02	0.00000000e+00
6.05668062e+01	2.40318465e-02	1.22380574e-01	8.26799799e+00	3.02078834e+02	0.00000000e+00
6.07631760e+01	2.70008853e-02	1.37500206e-01	8.26867625e+00	3.03058234e+02	0.00000000e+00
6.09595458e+01	2.79790701e-02	1.42481547e-01	8.26934710e+00	3.04037635e+02	0.00000000e+00
6.11559155e+01	2.37881446e-02	1.21139538e-01	8.27003328e+00	3.05017035e+02	0.00000000e+00
6.13522853e+01	2.46209122e-02	1.25380352e-01	8.27074060e+00	3.05996436e+02	0.00000000e+00
6.15486551e+01	2.57736477e-02	1.31250580e-01	8.27145602e+00	3.06975836e+02	0.00000000e+00
6.17450249e+01	2.88349383e-02	1.46839998e-01	8.27217129e+00	3.07955236e+02	0.00000000e+00
6.19413947e+01	2.81387915e-02	1.43294917e-01	8.27287836e+00	3.08934637e+02	0.00000000e+00
6.21377644e+01	2.76725167e-02	1.40920444e-01	8.27356983e+00	3.09914037e+02	0.00000000e+00
6.23341342e+01	2.58737240e-02	1.31760212e-01	8.27424453e+00	3.10893438e+02	0.00000000e+00
6.25305040e+01	2.51979076e-02	1.28318662e-01	8.27490702e+00	3.11872838e+02	0.00000000e+00
6.27268738e+01	2.76594744e-02	1.40854027e-01	8.27555744e+00	3.12852238e+02	0.00000000e+00
6.29232436e+01	2.79528586e-02	1.42348066e-01	8.27619581e+00	3.13831639e+02	0.00000000e+00
6.31196134e+01	2.54653492e-02	1.29680590e-01	8.27682152e+00	3.14811039e+02	0.00000000e+00
6.33159831e+01	2.35773418e-02	1.20066039e-01	8.27743232e+00	3.15790440e+02	0.00000000e+00
6.35123529e+01	2.57610154e-02	1.31186251e-01	8.27802748e+00	3.16769840e+02	0.00000000e+00
6.37087227e+01	2.81867410e-02	1.43539097e-01	8.27861264e+00	3.17749240e+02	0.00000000e+00
6.39050925e+01	2.95911901e-02	1.50691160e-01	8.27919428e+00	3.18728641e+02	0.00000000e+00
6.41014623e+01	2.64974638e-02	1.34936565e-01	8.27977824e+00	3.19708041e+02	0.00000000e+00
6.42978320e+01	2.60745037e-02	1.32782669e-01	8.28036726e+00	3.20687442e+02	0.00000000e+00
6.44942018e+01	2.50535919e-02	1.27583744e-01	8.28095717e+00	3.21666842e+02	0.00000000e+00
6.46905716e+01	2.57926989e-02	1.31347597e-01	8.28154747e+00	3.22646242e+02	0.00000000e+00
6.48869414e+01	2.48126479e-02	1.26356753e-01	8.28213822e+00	3.23625643e+02	0.00000000e+00
6.50833112e+01	2.50404730e-02	1.27516937e-01	8.28272946e+00	3.24605043e+02	0.00000000e+00
6.52796809e+01	2.27444861e-02	1.15824777e-01	8.28332319e+00	3.25584444e+02	0.00000000e+00
6.54760507e+01	2.52680862e-02	1.28676042e-01	8.28392324e+00	3.26563844e+02	0.00000000e+00
6.56724205e+01	2.79488098e-02	1.42327448e-01	8.28452357e+00	3.27543244e+02	0.00000000e+00
6.58687903e+01	3.05597065e-02	1.55623265e-01	8.28511721e+00	3.28522645e+02	0.00000000e+00
6.60651601e+01	3.01317916e-02	1.53444137e-01	8.28569695e+00	3.29502045e+02	0.00000000e+00
6.62615299e+01	2.50643182e-02	1.27638367e-01	8.28625712e+00	3.30481446e+02	0.00000000e+00
6.64578996e+01	2.67014510e-02	1.35975357e-01	8.28679892e+00	3.31460846e+02	0.00000000e+00
6.66542694e+01	2.83233888e-02	1.44234966e-01	8.28732817e+00	3.32440246e+02	0.00000000e+00
6.68506392e+01	3.00444492e-02	1.52999351e-01	8.28785215e+00	3.33419647e+02	0.00000000e+00
6.70470090e+01	3.06823803e-02	1.56247973e-01	8.28837686e+00	3.34399047e+02	0.00000000e+00
6.72433788e+01	2.65502142e-02	1.35205193e-01	8.28890871e+00	3.35378448e+02	0.00000000e+00
6.74397485e+01	2.70528864e-02	1.37765018e-01	8.28944918e+00	3.36357848e+02	0.00000000e+00
6.76361183e+01	2.85033514e-02	1.45151414e-01	8.28999181e+00	3.37337248e+02	0.00000000e+00
6.78324881e+01	2.69448182e-02	1.37214687e-01	8.29052927e+00	3.38316649e+02	0.00000000e+00
6.80288579e+01	2.51977395e-02	1.28317806e-01	8.29105413e+00	3.39296049e+02	0.00000000e+00
6.82252277e+01	2.58096394e-02	1.31433865e-01	8.29156029e+00	3.40275450e+02	0.00000000e+00
6.84215974e+01	2.48029956e-02	1.26307599e-01	8.29204682e+00	3.41254850e+02	0.00000000e+00
6.86179672e+01	2.84760683e-02	1.45012476e-01	8.29251981e+00	3.42234251e+02	0.00000000e+00
6.88143370e+01	2.79770853e-02	1.42471439e-01	8.29298578e+00	3.43213651e+02	0.00000000e+00
6.90107068e+01	2.69250565e-02	1.37114052e-01	8.29345141e+00	3.44193051e+02	0.00000000e+00
6.92070766e+01	2.98154595e-02	1.51833237e-01	8.29392286e+00	3.45172452e+02	0.00000000e+00
6.94034464e+01	2.69341946e-02	1.37160588e-01	8.29440348e+00	3.46151852e+02	0.00000000e+00
6.95998161e+01	2.86198568e-02	1.45744710e-01	8.29488791e+00	3.47131253e+02	0.00000000e+00
6.97961859e+01	3.18104388e-02	1.61992536e-01	8.29536860e+00	3.48110653e+02	0.00000000e+00
6.99925557e+01	3.20197562e-02	1.63058470e-01	8.29583826e+00	3.49090053e+02	0.00000000e+00
7.01889255e+01	3.18913566e-02	1.62404604e-01	8.29628950e+00	3.50069454e+02	0.00000000e+00
7.03852953e+01	3.18415970e-02	1.62151207e-01	8.29671547e+00	3.51048854e+02	0.00000000e+00
7.05816650e+01	2.94951451e-02	1.50202057e-01	8.29712315e+00	3.52028255e+02	0.00000000e+00
7.07780348e+01	2.95554124e-02	1.50508964e-01	8.29752536e+00	3.53007655e+02	0.00000000e+00
7.09744046e+01	3.03969882e-02	1.54794633e-01	8.29793441e+00	3.53987055e+02	0.00000000e+00
7.11707744e+01	3.22413068e-02	1.64186702e-01	8.29836250e+00	3.54966456e+02	0.00000000e+00
7.13671442e+01	3.40753977e-02	1.73526687e-01	8.29881972e+00	3.55945856e+02	0.00000000e+00
7.15635139e+01	3.58006548e-02	1.82312444e-01	8.29929997e+00	3.56925257e+02	0.00000000e+00
7.17598837e+01	3.62359200e-02	1.84529003e-01	8.29978884e+00	3.57904657e+02	0.00000000e+00
7.19562535e+01	3.40044597e-02	1.73165441e-01	8.30027202e+00	3.58884057e+02	0.00000000e+00
7.21526233e+01	3.50646209e-02	1.78564241e-01	8.30073586e+00	3.59863458e+02	0.00000000e+00
7.23489931e+01	3.32147713e-02	1.69144005e-01	8.30117800e+00	3.60842858e+02	0.00000000e+00
7.25453629e+01	3.28340352e-02	1.67205132e-01	8.30160843e+00	3.61822259e+02	0.00000000e+00
7.27417326e+01	2.98351756e-02	1.51933640e-01	8.30202706e+00	3.62801659e+02	0.00000000e+00
7.29381024e+01	3.03870311e-02	1.54743927e-01	8.30243306e+00	3.63781059e+02	0.00000000e+00
7.31344722e+01	3.65126322e-02	1.85938142e-01	8.30282568e+00	3.64760460e+02	0.00000000e+00
7.33308420e+01	3.37148947e-02	1.71690850e-01	8.30320002e+00	3.65739860e+02	0.00000000e+00
7.35272118e+01	3.10479467e-02	1.58109596e-01	8.30355291e+00	3.66719261e+02	0.00000000e+00
7.37235815e+01	2.95556775e-02	1.50510314e-01	8.30389696e+00	3.67698661e+02	0.00000000e+00
7.39199513e+01	3.22037104e-02	1.63995245e-01	8.30424430e+00	3.68678061e+02	0.00000000e+00
7.41163211e+01	3.30625748e-02	1.68368955e-01	8.30460678e+00	3.69657462e+02	0.00000000e+00
7.43126909e+01	3.17868305e-02	1.61872312e-01	8.30499597e+00	3.70636862e+02	0.00000000e+00
7.45090607e+01	3.25256938e-02	1.65634924e-01	8.30541230e+00	3.71616263e+02	0.00000000e+00
7.47054304e+01	3.68772325e-02	1.87794844e-01	8.30584215e+00	3.72595663e+02	0.00000000e+00
7.49018002e+01	3.94640727e-02	2.00968155e-01	8.30627003e+00	3.73575063e+02	0.00000000e+00
7.50981700e+01	3.88392898e-02	1.97786490e-01	8.30668158e+00	3.74554464e+02	0.00000000e+00
7.52945398e+01	3.88244614e-02	1.97710977e-01	8.30706730e+00	3.75533864e+02	0.00000000e+00
7.54909096e+01	4.04697535e-02	2.06089517e-01	8.30743236e+00	3.76513265e+02	0.00000000e+00
7.56872794e+01	4.36730106e-02	2.22401890e-01	8.30778564e+00	3.77492665e+02	0.00000000e+00
7.58836491e+01	3.92335872e-02	1.99794423e-01	8.30813370e+00	3.78472066e+02	0.00000000e+00
7.60800189e+01	4.31254432e-02	2.19613440e-01	8.30848288e+00	3.79451466e+02	0.00000000e+00
7.62763887e+01	4.24263832e-02	2.16053524e-01	8.30883939e+00	3.80430866e+02	0.00000000e+00
7.64727585e+01	4.28177018e-02	2.18046287e-01	8.30920484e+00	3.81410267e+02	0.00000000e+00
7.66691283e+01	4.36908190e-02	2.22492579e-01	8.30957216e+00	3.82389667e+02	0.00000000e+00
7.68654980e+01	4.34645398e-02	2.21340267e-01	8.30993354e+00	3.83369068e+02	0.00000000e+00
7.70618678e+01	4.76256692e-02	2.42530540e-01	8.31028155e+00	3.84348468e+02	0.00000000e+00
7.72582376e+01	4.52306949e-02	2.30334294e-01	8.31060892e+00	3.85327868e+02	0.00000000e+00
7.74546074e+01	4.43559926e-02	2.25879931e-01	8.31091114e+00	3.86307269e+02	0.00000000e+00
7.76509772e+01	4.67537253e-02	2.38090225e-01	8.31119865e+00	3.87286669e+02	0.00000000e+00
7.78473469e+01	4.56787561e-02	2.32616016e-01	8.31148389e+00	3.88266070e+02	0.00000000e+00
7.80437167e+01	4.40862160e-02	2.24506111e-01	8.31177895e+00	3.89245470e+02	0.00000000e+00
7.82400865e+01	4.50942190e-02	2.29639299e-01	8.31209599e+00	3.90224870e+02	0.00000000e+00
7.84364563e+01	4.68688947e-02	2.38676717e-01	8.31244372e+00	3.91204271e+02	0.00000000e+00
7.86328261e+01	4.66938388e-02	2.37785256e-01	8.31281118e+00	3.92183671e+02	0.00000000e+00
7.88291959e+01	4.84182724e-02	2.46566819e-01	8.31318337e+00	3.93163072e+02	0.00000000e+00
7.90255656e+01	4.92045198e-02	2.50570732e-01	8.31354539e+00	3.94142472e+02	0.00000000e+00
7.92219354e+01	4.91871494e-02	2.50482274e-01	8.31388328e+00	3.95121872e+02	0.00000000e+00
7.94183052e+01	4.79542965e-02	2.44204053e-01	8.31419672e+00	3.96101273e+02	0.00000000e+00
7.96146750e+01	4.86989062e-02	2.47995928e-01	8.31449553e+00	3.97080673e+02	0.00000000e+00
7.98110448e+01	4.90434188e-02	2.49750336e-01	8.31478629e+00	3.98060074e+02	0.00000000e+00
8.00074145e+01	4.86216355e-02	2.47602432e-01	8.31507519e+00	3.99039474e+02	0.00000000e+00
8.02037843e+01	4.92279947e-02	2.50690276e-01	8.31536813e+00	4.00018874e+02	0.00000000e+00
8.04001541e+01	4.95225621e-02	2.52190341e-01	8.31566505e+00	4.00998275e+02	0.00000000e+00
8.05965239e+01	4.90976440e-02	2.50026474e-01	8.31596235e+00	4.01977675e+02	0.00000000e+00
8.07928937e+01	5.03928129e-02	2.56622035e-01	8.31626005e+00	4.02957076e+02	0.00000000e+00
8.09892635e+01	4.82235246e-02	2.45575079e-01	8.31655816e+00	4.03936476e+02	0.00000000e+00
8.11856332e+01	5.02081320e-02	2.55681560e-01	8.31685670e+00	4.04915876e+02	0.00000000e+00
8.13820030e+01	5.05488524e-02	2.57416656e-01	8.31715995e+00	4.05895277e+02	0.00000000e+00
8.15783728e+01	5.04077207e-02	2.56697952e-01	8.31746877e+00	4.06874677e+02	0.00000000e+00
8.17747426e+01	5.15696671e-02	2.62615086e-01	8.31777537e+00	4.07854078e+02	0.00000000e+00
8.19711124e+01	5.07661905e-02	2.58523435e-01	8.31807215e+00	4.08833478e+02	0.00000000e+00
8.21674821e+01	5.13564103e-02	2.61529090e-01	8.31835189e+00	4.09812878e+02	0.00000000e+00
8.23638519e+01	5.18072573e-02	2.63824999e-01	8.31860738e+00	4.10792279e+02	0.00000000e+00
8.25602217e+01	5.09596433e-02	2.59508581e-01	8.31884207e+00	4.11771679e+02	0.00000000e+00
8.27565915e+01	5.04370874e-02	2.56847500e-01	8.31906822e+00	4.12751080e+02	0.00000000e+00
8.29529613e+01	5.10417338e-02	2.59926622e-01	8.31929779e+00	4.13730480e+02	0.00000000e+00
8.31493310e+01	5.12319619e-02	2.60895346e-01	8.31954265e+00	4.14709881e+02	0.00000000e+00
8.33457008e+01	5.16177429e-02	2.62859909e-01	8.31981498e+00	4.15689281e+02	0.00000000e+00
8.35420706e+01	5.03464457e-02	2.56385913e-01	8.32011507e+00	4.16668681e+02	0.00000000e+00
8.37384404e+01	5.26994528e-02	2.68368445e-01	8.32042806e+00	4.17648082e+02	0.00000000e+00
8.39348102e+01	5.15963724e-02	2.62751081e-01	8.32073850e+00	4.18627482e+02	0.00000000e+00
8.41311800e+01	5.27150992e-02	2.68448123e-01	8.32103160e+00	4.19606883e+02	0.00000000e+00
8.43275497e+01	5.21954179e-02	2.65801681e-01	8.32129652e+00	4.20586283e+02	0.00000000e+00
8.45239195e+01	5.20776621e-02	2.65202017e-01	8.32154284e+00	4.21565683e+02	0.00000000e+00
8.47202893e+01	5.21714616e-02	2.65679685e-01	8.32177790e+00	4.22545084e+02	0.00000000e+00
8.49166591e+01	5.34638404e-02	2.72261038e-01	8.32200812e+00	4.23524484e+02	0.00000000e+00
8.51130289e+01	5.20645838e-02	2.65135417e-01	8.32223943e+00	4.24503885e+02	0.00000000e+00
8.53093986e+01	5.21135896e-02	2.65384976e-01	8.32247627e+00	4.25483285e+02	0.00000000e+00
8.55057684e+01	5.38323518e-02	2.74137657e-01	8.32271459e+00	4.26462685e+02	0.00000000e+00
8.57021382e+01	5.28781149e-02	2.69278270e-01	8.32295317e+00	4.27442086e+02	0.00000000e+00
8.58985080e+01	5.51632193e-02	2.80915011e-01	8.32319191e+00	4.28421486e+02	0.00000000e+00
8.60948778e+01	5.29349321e-02	2.69567607e-01	8.32343070e+00	4.29400887e+02	0.00000000e+00
8.62912475e+01	5.20216017e-02	2.64916533e-01	8.32366945e+00	4.30380287e+02	0.00000000e+00
8.64876173e+01	5.36728046e-02	2.73325174e-01	8.32390814e+00	4.31359687e+02	0.00000000e+00
8.66839871e+01	5.42308079e-02	2.76166768e-01	8.32414678e+00	4.32339088e+02	0.00000000e+00
8.68803569e+01	5.41115292e-02	2.75559349e-01	8.32438540e+00	4.33318488e+02	0.00000000e+00
8.70767267e+01	5.48357434e-02	2.79247362e-01	8.32462402e+00	4.34297889e+02	0.00000000e+00
8.72730965e+01	5.47194164e-02	2.78654974e-01	8.32486265e+00	4.35277289e+02	0.00000000e+00
8.74694662e+01	5.53669082e-02	2.81952283e-01	8.32510135e+00	4.36256689e+02	0.00000000e+00
8.76658360e+01	5.61940424e-02	2.86164409e-01	8.32534010e+00	4.37236090e+02	0.00000000e+00
8.78622058e+01	5.37572916e-02	2.73755418e-01	8.32557886e+00	4.38215490e+02	0.00000000e+00
8.80585756e+01	5.53861527e-02	2.82050285e-01	8.32581758e+00	4.39194891e+02	0.00000000e+00
8.82549454e+01	5.56422656e-02	2.83354522e-01	8.32605622e+00	4.40174291e+02	0.00000000e+00
8.84513151e+01	5.58653518e-02	2.84490574e-01	8.32629480e+00	4.41153691e+02	0.00000000e+00
8.86476849e+01	5.60532347e-02	2.85447355e-01	8.32653341e+00	4.42133092e+02	0.00000000e+00
8.88440547e+01	5.57294010e-02	2.83798254e-01	8.32677213e+00	4.43112492e+02	0.00000000e+00
8.90404245e+01	5.31657837e-02	2.70743204e-01	8.32701104e+00	4.44091893e+02	0.00000000e+00
8.92367943e+01	5.34001885e-02	2.71936894e-01	8.32725026e+00	4.45071293e+02	0.00000000e+00
8.94331640e+01	5.59901901e-02	2.85126305e-01	8.32749557e+00	4.46050694e+02	0.00000000e+00
8.96295338e+01	5.62538172e-02	2.86468808e-01	8.32774555e+00	4.47030094e+02	0.00000000e+00
8.98259036e+01	5.61201548e-02	2.85788141e-01	8.32799224e+00	4.48009494e+02	0.00000000e+00
9.00222734e+01	5.63742540e-02	2.87082124e-01	8.32822796e+00	4.48988895e+02	0.00000000e+00
9.02186432e+01	5.60397959e-02	2.85378919e-01	8.32844544e+00	4.49968295e+02	0.00000000e+00
9.04150130e+01	5.56310856e-02	2.83297589e-01	8.32864202e+00	4.50947696e+02	0.00000000e+00
9.06113827e+01	5.72898754e-02	2.91744865e-01	8.32882409e+00	4.51927096e+02	0.00000000e+00
9.08077525e+01	5.47690419e-02	2.78907689e-01	8.32899768e+00	4.52906496e+02	0.00000000e+00
9.10041223e+01	5.48057972e-02	2.79094863e-01	8.32916867e+00	4.53885897e+02	0.00000000e+00
9.12004921e+01	5.62740084e-02	2.86571631e-01	8.32934259e+00	4.54865297e+02	0.00000000e+00
9.13968619e+01	5.54842752e-02	2.82549967e-01	8.32951778e+00	4.55844698e+02	0.00000000e+00
9.15932316e+01	5.58543990e-02	2.84434797e-01	8.32968878e+00	4.56824098e+02	0.00000000e+00
9.17896014e+01	5.62710855e-02	2.86556746e-01	8.32986105e+00	4.57803498e+02	0.00000000e+00
9.19859712e+01	5.60791215e-02	2.85579182e-01	8.33004049e+00	4.58782899e+02	0.00000000e+00
9.21823410e+01	5.62487346e-02	2.86442925e-01	8.33023284e+00	4.59762299e+02	0.00000000e+00
9.23787108e+01	5.66299834e-02	2.88384410e-01	8.33044803e+00	4.60741700e+02	0.00000000e+00
9.25750805e+01	5.75670022e-02	2.93156115e-01	8.33069039e+00	4.61721100e+02	0.00000000e+00
9.27714503e+01	5.76614391e-02	2.93637029e-01	8.33094504e+00	4.62700500e+02	0.00000000e+00
9.29678201e+01	5.68132085e-02	2.89317471e-01	8.33119608e+00	4.63679901e+02	0.00000000e+00
9.31641899e+01	5.84056113e-02	2.97426676e-01	8.33142821e+00	4.64659301e+02	0.00000000e+00
9.33605597e+01	5.77914950e-02	2.94299330e-01	8.33163202e+00	4.65638702e+02	0.00000000e+00
9.35569295e+01	5.62825455e-02	2.86615105e-01	8.33181811e+00	4.66618102e+02	0.00000000e+00
9.37532992e+01	5.78557378e-02	2.94626482e-01	8.33199370e+00	4.67597502e+02	0.00000000e+00
9.39496690e+01	5.74814949e-02	2.92720675e-01	8.33216496e+00	4.68576903e+02	0.00000000e+00
9.41460388e+01	5.69878948e-02	2.90207050e-01	8.33233757e+00	4.69556303e+02	0.00000000e+00
9.43424086e+01	5.68031278e-02	2.89266136e-01	8.33251557e+00	4.70535704e+02	0.00000000e+00
9.45387784e+01	5.84063971e-02	2.97430678e-01	8.33269474e+00	4.71515104e+02	0.00000000e+00
9.47351481e+01	5.85158332e-02	2.97987973e-01	8.33287411e+00	4.72494504e+02	0.00000000e+00
9.49315179e+01	5.79728871e-02	2.95223057e-01	8.33305360e+00	4.73473905e+02	0.00000000e+00
9.51278877e+01	5.73299545e-02	2.91948966e-01	8.33323313e+00	4.74453305e+02	0.00000000e+00
9.53242575e+01	5.85769549e-02	2.98299232e-01	8.33341264e+00	4.75432706e+02	0.00000000e+00
9.55206273e+01	5.49520936e-02	2.79839867e-01	8.33359211e+00	4.76412106e+02	0.00000000e+00
9.57169970e+01	5.52064766e-02	2.81135296e-01	8.33377155e+00	4.77391506e+02	0.00000000e+00
9.59133668e+01	5.77161118e-02	2.93915446e-01	8.33395094e+00	4.78370907e+02	0.00000000e+00
9.61097366e+01	5.74027404e-02	2.92319623e-01	8.33413027e+00	4.79350307e+02	0.00000000e+00
9.63061064e+01	5.74997012e-02	2.92813389e-01	8.33430952e+00	4.80329708e+02	0.00000000e+00
9.65024762e+01	5.84148739e-02	2.97473845e-01	8.33448873e+00	4.81309108e+02	0.00000000e+00
9.66988460e+01	5.86397748e-02	2.98619138e-01	8.33466799e+00	4.82288509e+02	0.00000000e+00
9.68952157e+01	5.80839289e-02	2.95788530e-01	8.33484738e+00	4.83267909e+02	0.00000000e+00
9.70915855e+01	5.77290575e-02	2.93981371e-01	8.33502700e+00	4.84247309e+02	0.00000000e+00
9.72879553e+01	5.88598784e-02	2.99740001e-01	8.33520733e+00	4.85226710e+02	0.00000000e+00
9.74843251e+01	5.85635093e-02	2.98230761e-01	8.33539511e+00	4.86206110e+02	0.00000000e+00
9.76806949e+01	5.78601672e-02	2.94649038e-01	8.33558647e+00	4.87185511e+02	0.00000000e+00
9.78770646e+01	5.80495399e-02	2.95613406e-01	8.33577306e+00	4.88164911e+02	0.00000000e+00
9.80734344e+01	5.89859854e-02	3.00382192e-01	8.33594637e+00	4.89144311e+02	0.00000000e+00
9.82698042e+01	5.82967037e-02	2.96872071e-01	8.33609911e+00	4.90123712e+02	0.00000000e+00
9.84661740e+01	5.64825029e-02	2.87633375e-01	8.33622768e+00	4.91103112e+02	0.00000000e+00
9.86625438e+01	5.74273633e-02	2.92445013e-01	8.33634050e+00	4.92082513e+02	0.00000000e+00
9.88589135e+01	5.75259162e-02	2.92946887e-01	8.33644899e+00	4.93061913e+02	0.00000000e+00
9.90552833e+01	5.66456884e-02	2.88464386e-01	8.33656385e+00	4.94041313e+02	0.00000000e+00
9.92516531e+01	5.61124484e-02	2.85748897e-01	8.33669563e+00	4.95020714e+02	0.00000000e+00
9.94480229e+01	5.70854063e-02	2.90703620e-01	8.33685441e+00	4.96000114e+02	0.00000000e+00
9.96443927e+01	5.81604475e-02	2.96178196e-01	8.33703524e+00	4.96979515e+02	0.00000000e+00
9.98407625e+01	5.84285427e-02	2.97543452e-01	8.33722648e+00	4.97958915e+02	0.00000000e+00
1.00037132e+02	5.86902587e-02	2.98876224e-01	8.33741679e+00	4.98938315e+02	0.00000000e+00
1.00233502e+02	5.91545946e-02	3.01240824e-01	8.33759494e+00	4.99917716e+02	0.00000000e+00
1.00429872e+02	5.88866336e-02	2.99876250e-01	8.33775862e+00	5.00897116e+02	0.00000000e+00
1.00626242e+02	5.80784890e-02	2.95760827e-01	8.33791648e+00	5.01876517e+02	0.00000000e+00
1.00822611e+02	5.65324666e-02	2.87887812e-01	8.33806968e+00	5.02855917e+02	0.00000000e+00
1.01018981e+02	5.74792581e-02	2.92709284e-01	8.33821924e+00	5.03835317e+02	0.00000000e+00
1.01215351e+02	5.89058708e-02	2.99974214e-01	8.33836613e+00	5.04814718e+02	0.00000000e+00
1.01411721e+02	5.77592500e-02	2.94135124e-01	8.33851132e+00	5.05794118e+02	0.00000000e+00
1.01608090e+02	5.73477116e-02	2.92039393e-01	8.33865573e+00	5.06773519e+02	0.00000000e+00
1.01804460e+02	5.76655303e-02	2.93657863e-01	8.33880028e+00	5.07752919e+02	0.00000000e+00
1.02000830e+02	5.93236838e-02	3.02101899e-01	8.33894584e+00	5.08732319e+02	0.00000000e+00
1.02197200e+02	5.75722648e-02	2.93182914e-01	8.33909328e+00	5.09711720e+02	0.00000000e+00
1.02393570e+02	5.76112097e-02	2.93381239e-01	8.33924346e+00	5.10691120e+02	0.00000000e+00
1.02589939e+02	5.83123850e-02	2.96951927e-01	8.33939634e+00	5.11670521e+02	0.00000000e+00
1.02786309e+02	5.77238868e-02	2.93955039e-01	8.33955093e+00	5.12649921e+02	0.00000000e+00
1.02982679e+02	5.69023860e-02	2.89771602e-01	8.33970621e+00	5.13629321e+02	0.00000000e+00
1.03179049e+02	5.59652753e-02	2.84999428e-01	8.33986116e+00	5.14608722e+02	0.00000000e+00
1.03375419e+02	5.61867357e-02	2.86127200e-01	8.34001481e+00	5.15588122e+02	0.00000000e+00
1.03571788e+02	5.81362311e-02	2.96054875e-01	8.34016620e+00	5.16567523e+02	0.00000000e+00
1.03768158e+02	5.78163152e-02	2.94425725e-01	8.34031440e+00	5.17546923e+02	0.00000000e+00
1.03964528e+02	5.67202700e-02	2.88844188e-01	8.34045851e+00	5.18526324e+02	0.00000000e+00
1.04160898e+02	5.69096807e-02	2.89808749e-01	8.34059765e+00	5.19505724e+02	0.00000000e+00
1.04357267e+02	5.73482059e-02	2.92041909e-01	8.34073114e+00	5.20485124e+02	0.00000000e+00
1.04553637e+02	5.74457985e-02	2.92538894e-01	8.34085954e+00	5.21464525e+02	0.00000000e+00
1.04750007e+02	5.51430042e-02	2.80812067e-01	8.34098377e+00	5.22443925e+02	0.00000000e+00
1.04946377e+02	5.42821757e-02	2.76428355e-01	8.34110464e+00	5.23423326e+02	0.00000000e+00
1.05142747e+02	5.61923753e-02	2.86155919e-01	8.34122301e+00	5.24402726e+02	0.00000000e+00
1.05339116e+02	5.63955527e-02	2.87190587e-01	8.34133967e+00	5.25382126e+02	0.00000000e+00
1.05535486e+02	5.54099542e-02	2.82171492e-01	8.34145538e+00	5.26361527e+02	0.00000000e+00
1.05731856e+02	5.51535785e-02	2.80865916e-01	8.34157087e+00	5.27340927e+02	0.00000000e+00
1.05928226e+02	5.48595959e-02	2.79368829e-01	8.34168689e+00	5.28320328e+02	0.00000000e+00
1.06124595e+02	5.56833076e-02	2.83563526e-01	8.34180414e+00	5.29299728e+02	0.00000000e+00
1.06320965e+02	5.65068129e-02	2.87757172e-01	8.34192323e+00	5.30279128e+02	0.00000000e+00
1.06517335e+02	5.60070096e-02	2.85211957e-01	8.34204296e+00	5.31258529e+02	0.00000000e+00
1.06713705e+02	5.55916449e-02	2.83096740e-01	8.34216275e+00	5.32237929e+02	0.00000000e+00
1.06910075e+02	5.61558589e-02	2.85969962e-01	8.34228258e+00	5.33217330e+02	0.00000000e+00
1.07106444e+02	5.63290062e-02	2.86851703e-01	8.34240246e+00	5.34196730e+02	0.00000000e+00
1.07302814e+02	5.56423980e-02	2.83355197e-01	8.34252235e+00	5.35176130e+02	0.00000000e+00
1.07499184e+02	5.42318675e-02	2.76172164e-01	8.34264226e+00	5.36155531e+02	0.00000000e+00
1.07695554e+02	5.44228002e-02	2.77144476e-01	8.34276216e+00	5.37134931e+02	0.00000000e+00
1.07891923e+02	5.54051596e-02	2.82147076e-01	8.34288205e+00	5.38114332e+02	0.00000000e+00
1.08088293e+02	5.56183364e-02	2.83232665e-01	8.34300192e+00	5.39093732e+02	0.00000000e+00
1.08284663e+02	5.53768874e-02	2.82003101e-01	8.34312175e+00	5.40073132e+02	0.00000000e+00
1.08481033e+02	5.57775978e-02	2.84043692e-01	8.34324156e+00	5.41052533e+02	0.00000000e+00
1.08677403e+02	5.75688311e-02	2.93165429e-01	8.34336135e+00	5.42031933e+02	0.00000000e+00
1.08873772e+02	5.79881474e-02	2.95300769e-01	8.34348115e+00	5.43011334e+02	0.00000000e+00
1.09070142e+02	5.75466940e-02	2.93052697e-01	8.34360096e+00	5.43990734e+02	0.00000000e+00
1.09266512e+02	5.56569834e-02	2.83429472e-01	8.34372079e+00	5.44970134e+02	0.00000000e+00
1.09462882e+02	5.59629353e-02	2.84987511e-01	8.34384065e+00	5.45949535e+02	0.00000000e+00
1.09659252e+02	5.59277960e-02	2.84808567e-01	8.34396055e+00	5.46928935e+02	0.00000000e+00
1.09855621e+02	5.57797236e-02	2.84054518e-01	8.34408050e+00	5.47908336e+02	0.00000000e+00
1.10051991e+02	5.52928894e-02	2.81575347e-01	8.34420050e+00	5.48887736e+02	0.00000000e+00
1.10248361e+02	5.46610866e-02	2.78357934e-01	8.34432056e+00	5.49867136e+02	0.00000000e+00
1.10444731e+02	5.50716616e-02	2.80448760e-01	8.34444191e+00	5.50846537e+02	0.00000000e+00
1.10641100e+02	5.54445044e-02	2.82347437e-01	8.34456571e+00	5.51825937e+02	0.00000000e+00
1.10837470e+02	5.56351612e-02	2.83318344e-01	8.34469104e+00	5.52805338e+02	0.00000000e+00
1.11033840e+02	5.49613646e-02	2.79887079e-01	8.34481681e+00	5.53784738e+02	0.00000000e+00
1.11230210e+02	5.54048501e-02	2.82145500e-01	8.34494201e+00	5.54764139e+02	0.00000000e+00
1.11426580e+02	5.53508790e-02	2.81870656e-01	8.34506560e+00	5.55743539e+02	0.00000000e+00
1.11622949e+02	5.61338006e-02	2.85857632e-01	8.34518671e+00	5.56722939e+02	0.00000000e+00
1.11819319e+02	5.59513231e-02	2.84928377e-01	8.34530421e+00	5.57702340e+02	0.00000000e+00
1.12015689e+02	5.41508737e-02	2.75759708e-01	8.34541741e+00	5.58681740e+02	0.00000000e+00
1.12212059e+02	5.20827291e-02	2.65227820e-01	8.34552521e+00	5.59661141e+02	0.00000000e+00
1.12408428e+02	5.24742247e-02	2.67221486e-01	8.34562682e+00	5.60640541e+02	0.00000000e+00
1.12604798e+02	5.34333105e-02	2.72105566e-01	8.34572170e+00	5.61619941e+02	0.00000000e+00
1.12801168e+02	5.46976832e-02	2.78544300e-01	8.34581157e+00	5.62599342e+02	0.00000000e+00
1.12997538e+02	5.43744393e-02	2.76898201e-01	8.34589780e+00	5.63578742e+02	0.00000000e+00
1.13193908e+02	5.38983540e-02	2.74473769e-01	8.34598207e+00	5.64558143e+02	0.00000000e+00
1.13390277e+02	5.38553184e-02	2.74254613e-01	8.34606576e+00	5.65537543e+02	0.00000000e+00
1.13586647e+02	5.45790517e-02	2.77940177e-01	8.34615033e+00	5.66516943e+02	0.00000000e+00
1.13783017e+02	5.52220005e-02	2.81214350e-01	8.34623731e+00	5.67496344e+02	0.00000000e+00
1.13979387e+02	5.52685976e-02	2.81451643e-01	8.34632798e+00	5.68475744e+02	0.00000000e+00
1.14175756e+02	5.48044338e-02	2.79087920e-01	8.34642384e+00	5.69455145e+02	0.00000000e+00
1.14372126e+02	5.48506086e-02	2.79323062e-01	8.34652656e+00	5.70434545e+02	0.00000000e+00
1.14568496e+02	5.52236231e-02	2.81222614e-01	8.34663787e+00	5.71413945e+02	0.00000000e+00
1.14764866e+02	5.60343776e-02	2.85351327e-01	8.34675672e+00	5.72393346e+02	0.00000000e+00
1.14961236e+02	5.59365311e-02	2.84853050e-01	8.34688067e+00	5.73372746e+02	0.00000000e+00
1.15157605e+02	5.53368850e-02	2.81799392e-01	8.34700793e+00	5.74352147e+02	0.00000000e+00
1.15353975e+02	5.52022643e-02	2.81113845e-01	8.34713635e+00	5.75331547e+02	0.00000000e+00
1.15550345e+02	5.54033636e-02	2.82137930e-01	8.34726400e+00	5.76310947e+02	0.00000000e+00
1.15746715e+02	5.64178182e-02	2.87303972e-01	8.34738885e+00	5.77290348e+02	0.00000000e+00
1.15943085e+02	5.60175384e-02	2.85265574e-01	8.34750918e+00	5.78269748e+02	0.00000000e+00
1.16139454e+02	5.52110856e-02	2.81158767e-01	8.34762293e+00	5.79249149e+02	0.00000000e+00
1.16335824e+02	5.51634337e-02	2.80916103e-01	8.34772866e+00	5.80228549e+02	0.00000000e+00
1.16532194e+02	5.61336416e-02	2.85856822e-01	8.34782828e+00	5.81207949e+02	0.00000000e+00
1.16728564e+02	5.64874972e-02	2.87658808e-01	8.34792352e+00	5.82187350e+02	0.00000000e+00
1.16924933e+02	5.49559082e-02	2.79859293e-01	8.34801534e+00	5.83166750e+02	0.00000000e+00
1.17121303e+02	5.51844844e-02	2.81023302e-01	8.34810455e+00	5.84146151e+02	0.00000000e+00
1.17317673e+02	5.47431584e-02	2.78775879e-01	8.34819186e+00	5.85125551e+02	0.00000000e+00
1.17514043e+02	5.47175534e-02	2.78645487e-01	8.34827804e+00	5.86104951e+02	0.00000000e+00
1.17710413e+02	5.54629789e-02	2.82441517e-01	8.34836384e+00	5.87084352e+02	0.00000000e+00
1.17906782e+02	5.64511803e-02	2.87473867e-01	8.34844994e+00	5.88063752e+02	0.00000000e+00
1.18103152e+02	5.82094379e-02	2.96427676e-01	8.34853711e+00	5.89043153e+02	0.00000000e+00
1.18299522e+02	5.71642419e-02	2.91105085e-01	8.34862595e+00	5.90022553e+02	0.00000000e+00
1.18495892e+02	5.72974768e-02	2.91783575e-01	8.34871584e+00	5.91001954e+02	0.00000000e+00
1.18692261e+02	5.76001760e-02	2.93325050e-01	8.34880580e+00	5.91981354e+02	0.00000000e+00
1.18888631e+02	5.79570653e-02	2.95142485e-01	8.34889582e+00	5.92960754e+02	0.00000000e+00
1.19085001e+02	5.76710761e-02	2.93686104e-01	8.34898586e+00	5.93940155e+02	0.00000000e+00
1.19281371e+02	5.81446944e-02	2.96097974e-01	8.34907593e+00	5.94919555e+02	0.00000000e+00
1.19477741e+02	5.77582194e-02	2.94129876e-01	8.34916600e+00	5.95898956e+02	0.00000000e+00
1.19674110e+02	5.67273949e-02	2.88880471e-01	8.34925608e+00	5.96878356e+02	0.00000000e+00
1.19870480e+02	5.78424860e-02	2.94558998e-01	8.34934614e+00	5.97857756e+02	0.00000000e+00
1.20066850e+02	5.87480064e-02	2.99170300e-01	8.34943619e+00	5.98837157e+02	0.00000000e+00
1.20263220e+02	5.90653090e-02	3.00786142e-01	8.34952621e+00	5.99816557e+02	0.00000000e+00
1.20459589e+02	5.92259050e-02	3.01603967e-01	8.34961620e+00	6.00795958e+02	0.00000000e+00
1.20655959e+02	5.83019891e-02	2.96898987e-01	8.34970618e+00	6.01775358e+02	0.00000000e+00
1.20852329e+02	5.83616525e-02	2.97202819e-01	8.34979615e+00	6.02754758e+02	0.00000000e+00
1.21048699e+02	5.94206323e-02	3.02595602e-01	8.34988614e+00	6.03734159e+02	0.00000000e+00
1.21245069e+02	6.01327375e-02	3.06221951e-01	8.34997613e+00	6.04713559e+02	0.00000000e+00
1.21441438e+02	6.04938709e-02	3.08060999e-01	8.35006615e+00	6.05692960e+02	0.00000000e+00
1.21637808e+02	6.07318122e-02	3.09272699e-01	8.35015620e+00	6.06672360e+02	0.00000000e+00
1.21834178e+02	6.02065864e-02	3.06598021e-01	8.35024629e+00	6.07651760e+02	0.00000000e+00
1.22030548e+02	5.90518121e-02	3.00717410e-01	8.35033642e+00	6.08631161e+02	0.00000000e+00
1.22226918e+02	5.94696163e-02	3.02845050e-01	8.35042661e+00	6.09610561e+02	0.00000000e+00
1.22423287e+02	6.06864591e-02	3.09041741e-01	8.35051754e+00	6.10589962e+02	0.00000000e+00
1.22619657e+02	6.07426759e-02	3.09328021e-01	8.35061108e+00	6.11569362e+02	0.00000000e+00
1.22816027e+02	6.15784225e-02	3.13584005e-01	8.35070648e+00	6.12548762e+02	0.00000000e+00
1.23012397e+02	5.99722275e-02	3.05404564e-01	8.35080265e+00	6.13528163e+02	0.00000000e+00
1.23208766e+02	5.88744385e-02	2.99814147e-01	8.35089850e+00	6.14507563e+02	0.00000000e+00
1.23405136e+02	5.91183899e-02	3.01056453e-01	8.35099300e+00	6.15486964e+02	0.00000000e+00
1.23601506e+02	6.07726202e-02	3.09480511e-01	8.35108509e+00	6.16466364e+02	0.00000000e+00
1.23797876e+02	6.22434756e-02	3.16970744e-01	8.35117379e+00	6.17445764e+02	0.00000000e+00
1.23994246e+02	6.25338508e-02	3.18449460e-01	8.35125808e+00	6.18425165e+02	0.00000000e+00
1.24190615e+02	6.14958775e-02	3.13163650e-01	8.35133703e+00	6.19404565e+02	0.00000000e+00
1.24386985e+02	6.10770787e-02	3.11030945e-01	8.35140975e+00	6.20383966e+02	0.00000000e+00
1.24583355e+02	6.15360633e-02	3.13368294e-01	8.35147599e+00	6.21363366e+02	0.00000000e+00
1.24779725e+02	6.19361869e-02	3.15405896e-01	8.35153705e+00	6.22342766e+02	0.00000000e+00
1.24976094e+02	6.16708307e-02	3.14054587e-01	8.35159441e+00	6.23322167e+02	0.00000000e+00
1.25172464e+02	6.25158149e-02	3.18357613e-01	8.35164950e+00	6.24301567e+02	0.00000000e+00
1.25368834e+02	6.23010473e-02	3.17263924e-01	8.35170369e+00	6.25280968e+02	0.00000000e+00
1.25565204e+02	6.23354996e-02	3.17439369e-01	8.35175836e+00	6.26260368e+02	0.00000000e+00
1.25761574e+02	6.23499948e-02	3.17513185e-01	8.35181485e+00	6.27239769e+02	0.00000000e+00
1.25957943e+02	6.25211998e-02	3.18385035e-01	8.35187448e+00	6.28219169e+02	0.00000000e+00
1.26154313e+02	6.38635009e-02	3.25220614e-01	8.35193859e+00	6.29198569e+02	0.00000000e+00
1.26350683e+02	6.35555891e-02	3.23652594e-01	8.35200856e+00	6.30177970e+02	0.00000000e+00
1.26547053e+02	6.38767477e-02	3.25288073e-01	8.35208735e+00	6.31157370e+02	0.00000000e+00
1.26743422e+02	6.36631910e-02	3.24200550e-01	8.35217438e+00	6.32136771e+02	0.00000000e+00
1.26939792e+02	6.36338503e-02	3.24051134e-01	8.35226749e+00	6.33116171e+02	0.00000000e+00
1.27136162e+02	6.45412926e-02	3.28672223e-01	8.35236454e+00	6.34095571e+02	0.00000000e+00
1.27332532e+02	6.41770794e-02	3.26817492e-01	8.35246341e+00	6.35074972e+02	0.00000000e+00
1.27528902e+02	6.55194725e-02	3.33653539e-01	8.35256198e+00	6.36054372e+02	0.00000000e+00
1.27725271e+02	6.49957297e-02	3.30986414e-01	8.35265819e+00	6.37033773e+02	0.00000000e+00
1.27921641e+02	6.47766071e-02	3.29870547e-01	8.35275003e+00	6.38013173e+02	0.00000000e+00
1.28118011e+02	6.39470390e-02	3.25646027e-01	8.35283554e+00	6.38992573e+02	0.00000000e+00
1.28314381e+02	6.34899743e-02	3.23318455e-01	8.35291291e+00	6.39971974e+02	0.00000000e+00
1.28510751e+02	6.37364166e-02	3.24573446e-01	8.35298321e+00	6.40951374e+02	0.00000000e+00
1.28707120e+02	6.44298113e-02	3.28104512e-01	8.35304921e+00	6.41930775e+02	0.00000000e+00
1.28903490e+02	6.34300906e-02	3.23013501e-01	8.35311179e+00	6.42910175e+02	0.00000000e+00
1.29099860e+02	6.38266871e-02	3.25033142e-01	8.35317170e+00	6.43889575e+02	0.00000000e+00
1.29296230e+02	6.33457172e-02	3.22583835e-01	8.35322966e+00	6.44868976e+02	0.00000000e+00
1.29492599e+02	6.23337069e-02	3.17430241e-01	8.35328635e+00	6.45848376e+02	0.00000000e+00
1.29688969e+02	6.31631808e-02	3.21654281e-01	8.35334252e+00	6.46827777e+02	0.00000000e+00
1.29885339e+02	6.32455972e-02	3.22073981e-01	8.35339883e+00	6.47807177e+02	0.00000000e+00
1.30081709e+02	6.36414850e-02	3.24090013e-01	8.35345594e+00	6.48786577e+02	0.00000000e+00
1.30278079e+02	6.43600740e-02	3.27749380e-01	8.35351446e+00	6.49765978e+02	0.00000000e+00
1.30474448e+02	6.29803820e-02	3.20723390e-01	8.35357434e+00	6.50745378e+02	0.00000000e+00
1.30670818e+02	6.38279528e-02	3.25039588e-01	8.35363438e+00	6.51724779e+02	0.00000000e+00
1.30867188e+02	6.33810224e-02	3.22763625e-01	8.35369447e+00	6.52704179e+02	0.00000000e+00
1.31063558e+02	6.32525522e-02	3.22109399e-01	8.35375458e+00	6.53683579e+02	0.00000000e+00
1.31259927e+02	6.31791894e-02	3.21735804e-01	8.35381471e+00	6.54662980e+02	0.00000000e+00
1.31456297e+02	6.41802837e-02	3.26833809e-01	8.35387485e+00	6.55642380e+02	0.00000000e+00
1.31652667e+02	6.32802517e-02	3.22250457e-01	8.35393497e+00	6.56621781e+02	0.00000000e+00
1.31849037e+02	6.30274851e-02	3.20963260e-01	8.35399509e+00	6.57601181e+02	0.00000000e+00
1.32045407e+02	6.31921983e-02	3.21802051e-01	8.35405517e+00	6.58580582e+02	0.00000000e+00
1.32241776e+02	6.28085559e-02	3.19848377e-01	8.35411522e+00	6.59559982e+02	0.00000000e+00
1.32438146e+02	6.26335003e-02	3.18956918e-01	8.35417483e+00	6.60539382e+02	0.00000000e+00
1.32634516e+02	6.21507200e-02	3.16498392e-01	8.35423280e+00	6.61518783e+02	0.00000000e+00
1.32830886e+02	6.28627483e-02	3.20124349e-01	8.35428945e+00	6.62498183e+02	0.00000000e+00
1.33027255e+02	6.29286974e-02	3.20460190e-01	8.35434558e+00	6.63477584e+02	0.00000000e+00
1.33223625e+02	6.38899602e-02	3.25355357e-01	8.35440186e+00	6.64456984e+02	0.00000000e+00
1.33419995e+02	6.19616786e-02	3.15535711e-01	8.35445895e+00	6.65436384e+02	0.00000000e+00
1.33616365e+02	6.13472168e-02	3.12406605e-01	8.35451757e+00	6.66415785e+02	0.00000000e+00
1.33812735e+02	6.16015338e-02	3.13701698e-01	8.35457844e+00	6.67395185e+02	0.00000000e+00
1.34009104e+02	6.25506044e-02	3.18534777e-01	8.35464214e+00	6.68374586e+02	0.00000000e+00
1.34205474e+02	6.18052435e-02	3.14739076e-01	8.35470928e+00	6.69353986e+02	0.00000000e+00
1.34401844e+02	6.21487273e-02	3.16488244e-01	8.35478110e+00	6.70333386e+02	0.00000000e+00
1.34598214e+02	6.25794854e-02	3.18681851e-01	8.35486152e+00	6.71312787e+02	0.00000000e+00
1.34794584e+02	6.21916671e-02	3.16706912e-01	8.35494959e+00	6.72292187e+02	0.00000000e+00
1.34990953e+02	6.22419987e-02	3.16963222e-01	8.35504331e+00	6.73271588e+02	0.00000000e+00
1.35187323e+02	6.16455859e-02	3.13926030e-01	8.35514076e+00	6.74250988e+02	0.00000000e+00
1.35383693e+02	6.06470438e-02	3.08841021e-01	8.35523969e+00	6.75230388e+02	0.00000000e+00
1.35580063e+02	6.13337025e-02	3.12337785e-01	8.35533800e+00	6.76209789e+02	0.00000000e+00
1.35776432e+02	6.15019093e-02	3.13194367e-01	8.35543383e+00	6.77189189e+02	0.00000000e+00
1.35972802e+02	6.13466500e-02	3.12403719e-01	8.35552485e+00	6.78168590e+02	0.00000000e+00
1.36169172e+02	6.04326581e-02	3.07749277e-01	8.35560924e+00	6.79147990e+02	0.00000000e+00
1.36365542e+02	5.90777259e-02	3.00849375e-01	8.35568576e+00	6.80127390e+02	0.00000000e+00
1.36561912e+02	5.85104991e-02	2.97960810e-01	8.35575769e+00	6.81106791e+02	0.00000000e+00
1.36758281e+02	5.80200005e-02	2.95462979e-01	8.35582815e+00	6.82086191e+02	0.00000000e+00
1.36954651e+02	6.10181064e-02	3.10730633e-01	8.35589678e+00	6.83065592e+02	0.00000000e+00
1.37151021e+02	6.27464308e-02	3.19532010e-01	8.35596313e+00	6.84044992e+02	0.00000000e+00
1.37347391e+02	6.33929021e-02	3.22824121e-01	8.35602649e+00	6.85024392e+02	0.00000000e+00
1.37543760e+02	6.26974585e-02	3.19282621e-01	8.35608672e+00	6.86003793e+02	0.00000000e+00
1.37740130e+02	6.25142658e-02	3.18349724e-01	8.35614337e+00	6.86983193e+02	0.00000000e+00
1.37936500e+02	6.13191819e-02	3.12263840e-01	8.35619567e+00	6.87962594e+02	0.00000000e+00
1.38132870e+02	6.16075140e-02	3.13732152e-01	8.35624369e+00	6.88941994e+02	0.00000000e+00
1.38329240e+02	6.13616219e-02	3.12479963e-01	8.35628681e+00	6.89921394e+02	0.00000000e+00
1.38525609e+02	6.13878095e-02	3.12613321e-01	8.35632442e+00	6.90900795e+02	0.00000000e+00
1.38721979e+02	5.99118766e-02	3.05097231e-01	8.35635742e+00	6.91880195e+02	0.00000000e+00
1.38918349e+02	6.02948465e-02	3.07047480e-01	8.35638651e+00	6.92859596e+02	0.00000000e+00
1.39114719e+02	5.95441079e-02	3.03224394e-01	8.35641325e+00	6.93838996e+02	0.00000000e+00
1.39311088e+02	5.88314979e-02	2.99595475e-01	8.35643866e+00	6.94818397e+02	0.00000000e+00
1.39507458e+02	5.87637753e-02	2.99250602e-01	8.35646394e+00	6.95797797e+02	0.00000000e+00
1.39703828e+02	5.73528709e-02	2.92065666e-01	8.35649013e+00	6.96777197e+02	0.00000000e+00
1.39900198e+02	5.61655235e-02	2.86019178e-01	8.35651854e+00	6.97756598e+02	0.00000000e+00
1.40096568e+02	5.60470835e-02	2.85416030e-01	8.35655007e+00	6.98735998e+02	0.00000000e+00
1.40292937e+02	5.49860231e-02	2.80012651e-01	8.35658589e+00	6.99715399e+02	0.00000000e+00
1.40489307e+02	5.40206785e-02	2.75096699e-01	8.35662775e+00	7.00694799e+02	0.00000000e+00
1.40685677e+02	5.31868317e-02	2.70850389e-01	8.35667610e+00	7.01674199e+02	0.00000000e+00
1.40882047e+02	5.24289278e-02	2.66990814e-01	8.35673093e+00	7.02653600e+02	0.00000000e+00
1.41078417e+02	5.29064918e-02	2.69422777e-01	8.35679013e+00	7.03633000e+02	0.00000000e+00
1.41274786e+02	5.24508693e-02	2.67102550e-01	8.35685307e+00	7.04612401e+02	0.00000000e+00
1.41471156e+02	5.19651555e-02	2.64629085e-01	8.35691834e+00	7.05591801e+02	0.00000000e+00
1.41667526e+02	5.07031498e-02	2.58202405e-01	8.35698485e+00	7.06571201e+02	0.00000000e+00
1.41863896e+02	5.08193289e-02	2.58794039e-01	8.35705142e+00	7.07550602e+02	0.00000000e+00
1.42060265e+02	4.98006453e-02	2.53606461e-01	8.35711705e+00	7.08530002e+02	0.00000000e+00
1.42256635e+02	4.94228969e-02	2.51682803e-01	8.35718031e+00	7.09509403e+02	0.00000000e+00
1.42453005e+02	4.86382552e-02	2.47687067e-01	8.35724112e+00	7.10488803e+02	0.00000000e+00
1.42649375e+02	4.86433019e-02	2.47712767e-01	8.35730127e+00	7.11468203e+02	0.00000000e+00
1.42845745e+02	4.74917283e-02	2.41848456e-01	8.35736140e+00	7.12447604e+02	0.00000000e+00
1.43042114e+02	4.75820931e-02	2.42308632e-01	8.35742150e+00	7.13427004e+02	0.00000000e+00
1.43238484e+02	4.68699022e-02	2.38681847e-01	8.35748160e+00	7.14406405e+02	0.00000000e+00
1.43434854e+02	4.68054536e-02	2.38353647e-01	8.35754169e+00	7.15385805e+02	0.00000000e+00
1.43631224e+02	4.65353245e-02	2.36978033e-01	8.35760180e+00	7.16365205e+02	0.00000000e+00
1.43827593e+02	4.59753352e-02	2.34126325e-01	8.35766193e+00	7.17344606e+02	0.00000000e+00
1.44023963e+02	4.57671180e-02	2.33065993e-01	8.35772209e+00	7.18324006e+02	0.00000000e+00
1.44220333e+02	4.49898074e-02	2.29107590e-01	8.35778228e+00	7.19303407e+02	0.00000000e+00
1.44416703e+02	4.53568966e-02	2.30976967e-01	8.35784289e+00	7.20282807e+02	0.00000000e+00
1.44613073e+02	4.48409684e-02	2.28349638e-01	8.35790579e+00	7.21262207e+02	0.00000000e+00
1.44809442e+02	4.44331354e-02	2.26272775e-01	8.35797134e+00	7.22241608e+02	0.00000000e+00
1.45005812e+02	4.45353323e-02	2.26793206e-01	8.35803807e+00	7.23221008e+02	0.00000000e+00
1.45202182e+02	4.44193832e-02	2.26202743e-01	8.35810484e+00	7.24200409e+02	0.00000000e+00
1.45398552e+02	4.43246109e-02	2.25720121e-01	8.35817056e+00	7.25179809e+02	0.00000000e+00
1.45594922e+02	4.37522894e-02	2.22805612e-01	8.35823380e+00	7.26159209e+02	0.00000000e+00
1.45791291e+02	4.35105345e-02	2.21574492e-01	8.35829383e+00	7.27138610e+02	0.00000000e+00
1.45987661e+02	4.30132707e-02	2.19042209e-01	8.35834907e+00	7.28118010e+02	0.00000000e+00
1.46184031e+02	4.36736927e-02	2.22405364e-01	8.35839895e+00	7.29097411e+02	0.00000000e+00
1.46380401e+02	4.39504102e-02	2.23814529e-01	8.35844212e+00	7.30076811e+02	0.00000000e+00
1.46576770e+02	4.44817205e-02	2.26520192e-01	8.35847906e+00	7.31056212e+02	0.00000000e+00
1.46773140e+02	4.41576680e-02	2.24869976e-01	8.35851136e+00	7.32035612e+02	0.00000000e+00
1.46969510e+02	4.46315836e-02	2.27283360e-01	8.35854001e+00	7.33015012e+02	0.00000000e+00
1.47165880e+02	4.42461518e-02	2.25320574e-01	8.35856654e+00	7.33994413e+02	0.00000000e+00
1.47362250e+02	4.36742261e-02	2.22408080e-01	8.35859182e+00	7.34973813e+02	0.00000000e+00
1.47558619e+02	4.34176188e-02	2.21101325e-01	8.35861714e+00	7.35953214e+02	0.00000000e+00
1.47754989e+02	4.34341855e-02	2.21185690e-01	8.35864370e+00	7.36932614e+02	0.00000000e+00
1.47951359e+02	4.33978703e-02	2.21000757e-01	8.35867248e+00	7.37912014e+02	0.00000000e+00
1.48147729e+02	4.28693171e-02	2.18309135e-01	8.35870460e+00	7.38891415e+02	0.00000000e+00
1.48344098e+02	4.23053298e-02	2.15437068e-01	8.35874153e+00	7.39870815e+02	0.00000000e+00
1.48540468e+02	4.24601847e-02	2.16225655e-01	8.35878545e+00	7.40850216e+02	0.00000000e+00
1.48736838e+02	4.18498684e-02	2.13117660e-01	8.35884000e+00	7.41829616e+02	0.00000000e+00
1.48933208e+02	4.21462777e-02	2.14627105e-01	8.35890144e+00	7.42809016e+02	0.00000000e+00
1.49129578e+02	4.06010563e-02	2.06758168e-01	8.35896821e+00	7.43788417e+02	0.00000000e+00
1.49325947e+02	4.16262453e-02	2.11978875e-01	8.35903775e+00	7.44767817e+02	0.00000000e+00
1.49522317e+02	4.03875144e-02	2.05670721e-01	8.35910770e+00	7.45747218e+02	0.00000000e+00
1.49718687e+02	3.97344452e-02	2.02345009e-01	8.35917559e+00	7.46726618e+02	0.00000000e+00
1.49915057e+02	3.95795258e-02	2.01556092e-01	8.35923962e+00	7.47706018e+02	0.00000000e+00
1.50111426e+02	3.93975193e-02	2.00629237e-01	8.35929680e+00	7.48685419e+02	0.00000000e+00
1.50307796e+02	3.90031631e-02	1.98621004e-01	8.35934563e+00	7.49664819e+02	0.00000000e+00
1.50504166e+02	3.80312164e-02	1.93671430e-01	8.35938578e+00	7.50644220e+02	0.00000000e+00
1.50700536e+02	3.73818455e-02	1.90364552e-01	8.35941965e+00	7.51623620e+02	0.00000000e+00
1.50896906e+02	3.76735416e-02	1.91849995e-01	8.35944981e+00	7.52603020e+02	0.00000000e+00
1.51093275e+02	3.67565802e-02	1.87180431e-01	8.35947712e+00	7.53582421e+02	0.00000000e+00
1.51289645e+02	3.67473511e-02	1.87133432e-01	8.35950275e+00	7.54561821e+02	0.00000000e+00
1.51486015e+02	3.61039705e-02	1.83857059e-01	8.35952794e+00	7.55541222e+02	0.00000000e+00
1.51682385e+02	3.55206974e-02	1.80886780e-01	8.35955385e+00	7.56520622e+02	0.00000000e+00
1.51878755e+02	3.55733733e-02	1.81155028e-01	8.35958159e+00	7.57500022e+02	0.00000000e+00
1.52075124e+02	3.59784413e-02	1.83217810e-01	8.35961204e+00	7.58479423e+02	0.00000000e+00
1.52271494e+02	3.52629818e-02	1.79574381e-01	8.35964683e+00	7.59458823e+02	0.00000000e+00
1.52467864e+02	3.51557478e-02	1.79028299e-01	8.35968762e+00	7.60438224e+02	0.00000000e+00
1.52664234e+02	3.46587687e-02	1.76497465e-01	8.35973720e+00	7.61417624e+02	0.00000000e+00
1.52860603e+02	3.40597436e-02	1.73446970e-01	8.35979611e+00	7.62397024e+02	0.00000000e+00
1.53056973e+02	3.37287202e-02	1.71761256e-01	8.35986090e+00	7.63376425e+02	0.00000000e+00
1.53253343e+02	3.44121573e-02	1.75241614e-01	8.35992933e+00	7.64355825e+02	0.00000000e+00
1.53449713e+02	3.34601254e-02	1.70393454e-01	8.35999937e+00	7.65335226e+02	0.00000000e+00
1.53646083e+02	3.35202850e-02	1.70699814e-01	8.36006848e+00	7.66314626e+02	0.00000000e+00
1.53842452e+02	3.27292239e-02	1.66671387e-01	8.36013471e+00	7.67294027e+02	0.00000000e+00
1.54038822e+02	3.28702288e-02	1.67389446e-01	8.36019481e+00	7.68273427e+02	0.00000000e+00
1.54235192e+02	3.22034921e-02	1.63994134e-01	8.36024765e+00	7.69252827e+02	0.00000000e+00
1.54431562e+02	3.10411376e-02	1.58074921e-01	8.36029164e+00	7.70232228e+02	0.00000000e+00
1.54627931e+02	3.09372332e-02	1.57545795e-01	8.36032905e+00	7.71211628e+02	0.00000000e+00
1.54824301e+02	3.08883072e-02	1.57296642e-01	8.36036326e+00	7.72191029e+02	0.00000000e+00
1.55020671e+02	3.01175932e-02	1.53371832e-01	8.36039492e+00	7.73170429e+02	0.00000000e+00
1.55217041e+02	3.04217658e-02	1.54920811e-01	8.36042437e+00	7.74149829e+02	0.00000000e+00
1.55413411e+02	2.97183113e-02	1.51338516e-01	8.36045234e+00	7.75129230e+02	0.00000000e+00
1.55609780e+02	2.97335763e-02	1.51416252e-01	8.36047947e+00	7.76108630e+02	0.00000000e+00
1.55806150e+02	2.96741020e-02	1.51113383e-01	8.36050628e+00	7.77088031e+02	0.00000000e+00
1.56002520e+02	2.85239890e-02	1.45256509e-01	8.36053335e+00	7.78067431e+02	0.00000000e+00
1.56198890e+02	2.85280137e-02	1.45277005e-01	8.36056122e+00	7.79046831e+02	0.00000000e+00
1.56395259e+02	2.84683810e-02	1.44973330e-01	8.36059031e+00	7.80026232e+02	0.00000000e+00
1.56591629e+02	2.82198196e-02	1.43707547e-01	8.36061926e+00	7.81005632e+02	0.00000000e+00
1.56787999e+02	2.73488835e-02	1.39272363e-01	8.36064693e+00	7.81985033e+02	0.00000000e+00
1.56984369e+02	2.75971364e-02	1.40536575e-01	8.36067389e+00	7.82964433e+02	0.00000000e+00
1.57180739e+02	2.77268619e-02	1.41197193e-01	8.36070067e+00	7.83943833e+02	0.00000000e+00
1.57377108e+02	2.72146608e-02	1.38588843e-01	8.36072785e+00	7.84923234e+02	0.00000000e+00
1.57573478e+02	2.65649782e-02	1.35280378e-01	8.36075605e+00	7.85902634e+02	0.00000000e+00
1.57769848e+02	2.65234027e-02	1.35068658e-01	8.36078574e+00	7.86882035e+02	0.00000000e+00
1.57966218e+02	2.60573327e-02	1.32695227e-01	8.36081742e+00	7.87861435e+02	0.00000000e+00
1.58162588e+02	2.65636974e-02	1.35273855e-01	8.36085189e+00	7.88840835e+02	0.00000000e+00
1.58358957e+02	2.59345228e-02	1.32069826e-01	8.36088985e+00	7.89820236e+02	0.00000000e+00
1.58555327e+02	2.54750872e-02	1.29730180e-01	8.36093403e+00	7.90799636e+02	0.00000000e+00
1.58751697e+02	2.54327082e-02	1.29514368e-01	8.36098725e+00	7.91779037e+02	0.00000000e+00
1.58948067e+02	2.55165493e-02	1.29941324e-01	8.36104857e+00	7.92758437e+02	0.00000000e+00
1.59144436e+02	2.46611597e-02	1.25585309e-01	8.36111521e+00	7.93737837e+02	0.00000000e+00
1.59340806e+02	2.48728068e-02	1.26663108e-01	8.36118456e+00	7.94717238e+02	0.00000000e+00
1.59537176e+02	2.47215100e-02	1.25892639e-01	8.36125452e+00	7.95696638e+02	0.00000000e+00
1.59733546e+02	2.45393606e-02	1.24965055e-01	8.36132267e+00	7.96676039e+02	0.00000000e+00
1.59929916e+02	2.39483504e-02	1.21955376e-01	8.36138657e+00	7.97655439e+02	0.00000000e+00
1.60126285e+02	2.41135813e-02	1.22796803e-01	8.36144436e+00	7.98634839e+02	0.00000000e+00
1.60322655e+02	2.35570370e-02	1.19962638e-01	8.36149406e+00	7.99614240e+02	0.00000000e+00
1.60519025e+02	2.30199103e-02	1.17227356e-01	8.36153500e+00	8.00593640e+02	0.00000000e+00
1.60715395e+02	2.30959787e-02	1.17614729e-01	8.36157107e+00	8.01573041e+02	0.00000000e+00
1.60911764e+02	2.25562477e-02	1.14866186e-01	8.36160418e+00	8.02552441e+02	0.00000000e+00
1.61108134e+02	2.22827572e-02	1.13473453e-01	8.36163491e+00	8.03531842e+02	0.00000000e+00
1.61304504e+02	2.19661899e-02	1.11861356e-01	8.36166383e+00	8.04511242e+02	0.00000000e+00
1.61500874e+02	2.18077960e-02	1.11054745e-01	8.36169147e+00	8.05490642e+02	0.00000000e+00
1.61697244e+02	2.16743740e-02	1.10375302e-01	8.36171840e+00	8.06470043e+02	0.00000000e+00
1.61893613e+02	2.16156091e-02	1.10076046e-01	8.36174527e+00	8.07449443e+02	0.00000000e+00
1.62089983e+02	2.15338610e-02	1.09659749e-01	8.36177260e+00	8.08428844e+02	0.00000000e+00
1.62286353e+02	2.10418752e-02	1.07154344e-01	8.36180092e+00	8.09408244e+02	0.00000000e+00
1.62482723e+02	2.08423906e-02	1.06138483e-01	8.36183055e+00	8.10387644e+02	0.00000000e+00
1.62679092e+02	2.06944408e-02	1.05385058e-01	8.36186060e+00	8.11367045e+02	0.00000000e+00
1.62875462e+02	2.00870285e-02	1.02291851e-01	8.36189067e+00	8.12346445e+02	0.00000000e+00
1.63071832e+02	2.00275290e-02	1.01988854e-01	8.36192077e+00	8.13325846e+02	0.00000000e+00
1.63268202e+02	1.97339697e-02	1.00493923e-01	8.36195087e+00	8.14305246e+02	0.00000000e+00
1.63464572e+02	1.96237879e-02	9.99328298e-02	8.36198099e+00	8.15284646e+02	0.00000000e+00
1.63660941e+02	2.00518255e-02	1.02112583e-01	8.36201111e+00	8.16264047e+02	0.00000000e+00
1.63857311e+02	1.94447029e-02	9.90208510e-02	8.36204123e+00	8.17243447e+02	0.00000000e+00
1.64053681e+02	1.87971969e-02	9.57234702e-02	8.36207135e+00	8.18222848e+02	0.00000000e+00
1.64250051e+02	1.89795766e-02	9.66522265e-02	8.36210147e+00	8.19202248e+02	0.00000000e+00
1.64446421e+02	1.90419749e-02	9.69699857e-02	8.36213159e+00	8.20181648e+02	0.00000000e+00
1.64642790e+02	1.91019334e-02	9.72753206e-02	8.36216170e+00	8.21161049e+02	0.00000000e+00
1.64839160e+02	1.85982801e-02	9.47104997e-02	8.36219180e+00	8.22140449e+02	0.00000000e+00
1.65035530e+02	1.89349917e-02	9.64251810e-02	8.36222191e+00	8.23119850e+02	0.00000000e+00
1.65231900e+02	1.79337953e-02	9.13266553e-02	8.36225202e+00	8.24099250e+02	0.00000000e+00
1.65428269e+02	1.80192493e-02	9.17618238e-02	8.36228212e+00	8.25078650e+02	0.00000000e+00
1.65624639e+02	1.78901651e-02	9.11044711e-02	8.36231223e+00	8.26058051e+02	0.00000000e+00
1.65821009e+02	1.78678667e-02	9.09909182e-02	8.36234233e+00	8.27037451e+02	0.00000000e+00
1.66017379e+02	1.74743103e-02	8.89867584e-02	8.36237243e+00	8.28016852e+02	0.00000000e+00
1.66213749e+02	1.69786049e-02	8.64624120e-02	8.36240253e+00	8.28996252e+02	0.00000000e+00
1.66410118e+02	1.72383500e-02	8.77851462e-02	8.36243263e+00	8.29975652e+02	0.00000000e+00
1.66606488e+02	1.69884387e-02	8.65124899e-02	8.36246273e+00	8.30955053e+02	0.00000000e+00
1.66802858e+02	1.67016099e-02	8.50518335e-02	8.36249283e+00	8.31934453e+02	0.00000000e+00
1.66999228e+02	1.61993353e-02	8.24940336e-02	8.36252293e+00	8.32913854e+02	0.00000000e+00
1.67195597e+02	1.63365686e-02	8.31928846e-02	8.36255304e+00	8.33893254e+02	0.00000000e+00
1.67391967e+02	1.63315465e-02	8.31673103e-02	8.36258315e+00	8.34872654e+02	0.00000000e+00
1.67588337e+02	1.60871165e-02	8.19225668e-02	8.36261326e+00	8.35852055e+02	0.00000000e+00
1.67784707e+02	1.59717344e-02	8.13349909e-02	8.36264337e+00	8.36831455e+02	0.00000000e+00
1.67981077e+02	1.61210709e-02	8.20954774e-02	8.36267348e+00	8.37810856e+02	0.00000000e+00
1.68177446e+02	1.59244979e-02	8.10944424e-02	8.36270358e+00	8.38790256e+02	0.00000000e+00
1.68373816e+02	1.60206469e-02	8.15840744e-02	8.36273369e+00	8.39769657e+02	0.00000000e+00
1.68570186e+02	1.58395787e-02	8.06619972e-02	8.36276380e+00	8.40749057e+02	0.00000000e+00
1.68766556e+02	1.52413278e-02	7.76154441e-02	8.36279391e+00	8.41728457e+02	0.00000000e+00
1.68962925e+02	1.50006988e-02	7.63900573e-02	8.36282402e+00	8.42707858e+02	0.00000000e+00
1.69159295e+02	1.50041103e-02	7.64074298e-02	8.36285412e+00	8.43687258e+02	0.00000000e+00
1.69355665e+02	1.47737627e-02	7.52344002e-02	8.36288423e+00	8.44666659e+02	0.00000000e+00
1.69552035e+02	1.45349437e-02	7.40182304e-02	8.36291434e+00	8.45646059e+02	0.00000000e+00
1.69748405e+02	1.43762117e-02	7.32098982e-02	8.36294445e+00	8.46625459e+02	0.00000000e+00
1.69944774e+02	1.45508129e-02	7.40990432e-02	8.36297456e+00	8.47604860e+02	0.00000000e+00
1.70141144e+02	1.44385868e-02	7.35275394e-02	8.36300467e+00	8.48584260e+02	0.00000000e+00
1.70337514e+02	1.47078498e-02	7.48987428e-02	8.36303478e+00	8.49563661e+02	0.00000000e+00
1.70533884e+02	1.43250874e-02	7.29495511e-02	8.36306489e+00	8.50543061e+02	0.00000000e+00
1.70730254e+02	1.38528635e-02	7.05447824e-02	8.36309500e+00	8.51522461e+02	0.00000000e+00
1.70926623e+02	1.34977525e-02	6.87364035e-02	8.36312511e+00	8.52501862e+02	0.00000000e+00
1.71122993e+02	1.33743570e-02	6.81080203e-02	8.36315523e+00	8.53481262e+02	0.00000000e+00
1.71319363e+02	1.31655172e-02	6.70445172e-02	8.36318534e+00	8.54460663e+02	0.00000000e+00
1.71515733e+02	1.31390596e-02	6.69097835e-02	8.36321545e+00	8.55440063e+02	0.00000000e+00
1.71712102e+02	1.32493608e-02	6.74714853e-02	8.36324556e+00	8.56419463e+02	0.00000000e+00
1.71908472e+02	1.31933349e-02	6.71861771e-02	8.36327567e+00	8.57398864e+02	0.00000000e+00
1.72104842e+02	1.25033584e-02	6.36725180e-02	8.36330578e+00	8.58378264e+02	0.00000000e+00
1.72301212e+02	1.23842596e-02	6.30660150e-02	8.36333589e+00	8.59357665e+02	0.00000000e+00
1.72497582e+02	1.24939692e-02	6.36247042e-02	8.36336600e+00	8.60337065e+02	0.00000000e+00
1.72693951e+02	1.26545352e-02	6.44423754e-02	8.36339610e+00	8.61316465e+02	0.00000000e+00
1.72890321e+02	1.23880859e-02	6.30855004e-02	8.36342621e+00	8.62295866e+02	0.00000000e+00
1.73086691e+02	1.21908784e-02	6.20812344e-02	8.36345633e+00	8.63275266e+02	0.00000000e+00
1.73283061e+02	1.22599010e-02	6.24327272e-02	8.36348644e+00	8.64254667e+02	0.00000000e+00
1.73479430e+02	1.18725580e-02	6.04602091e-02	8.36351655e+00	8.65234067e+02	0.00000000e+00
1.73675800e+02	1.21367895e-02	6.18057899e-02	8.36354667e+00	8.66213467e+02	0.00000000e+00
1.73872170e+02	1.23172962e-02	6.27250087e-02	8.36357679e+00	8.67192868e+02	0.00000000e+00
1.74068540e+02	1.19201058e-02	6.07023429e-02	8.36360690e+00	8.68172268e+02	0.00000000e+00
1.74264910e+02	1.16151523e-02	5.91493873e-02	8.36363702e+00	8.69151669e+02	0.00000000e+00
1.74461279e+02	1.18190531e-02	6.01877386e-02	8.36366713e+00	8.70131069e+02	0.00000000e+00
1.74657649e+02	1.13461870e-02	5.77796995e-02	8.36369724e+00	8.71110470e+02	0.00000000e+00
1.74854019e+02	1.15133898e-02	5.86311686e-02	8.36372736e+00	8.72089870e+02	0.00000000e+00
1.75050389e+02	1.13593413e-02	5.78466873e-02	8.36375747e+00	8.73069270e+02	0.00000000e+00
1.75246758e+02	1.10341302e-02	5.61905711e-02	8.36378759e+00	8.74048671e+02	0.00000000e+00
1.75443128e+02	1.10665245e-02	5.63555372e-02	8.36381770e+00	8.75028071e+02	0.00000000e+00
1.75639498e+02	1.14966417e-02	5.85458800e-02	8.36384782e+00	8.76007472e+02	0.00000000e+00
1.75835868e+02	1.09502524e-02	5.57634291e-02	8.36387793e+00	8.76986872e+02	0.00000000e+00
1.76032238e+02	1.01427024e-02	5.16510345e-02	8.36390805e+00	8.77966272e+02	0.00000000e+00
1.76228607e+02	1.01187668e-02	5.15291443e-02	8.36393817e+00	8.78945673e+02	0.00000000e+00
1.76424977e+02	1.07237115e-02	5.46097846e-02	8.36396828e+00	8.79925073e+02	0.00000000e+00
1.76621347e+02	1.06723100e-02	5.43480261e-02	8.36399840e+00	8.80904474e+02	0.00000000e+00
1.76817717e+02	1.05925433e-02	5.39418194e-02	8.36402852e+00	8.81883874e+02	0.00000000e+00
1.77014087e+02	1.01774161e-02	5.18278119e-02	8.36405864e+00	8.82863274e+02	0.00000000e+00
1.77210456e+02	1.03352781e-02	5.26317137e-02	8.36408875e+00	8.83842675e+02	0.00000000e+00
1.77406826e+02	9.79932113e-03	4.99023885e-02	8.36411887e+00	8.84822075e+02	0.00000000e+00
1.77603196e+02	1.02088614e-02	5.19879450e-02	8.36414899e+00	8.85801476e+02	0.00000000e+00
1.77799566e+02	9.94475072e-03	5.06429790e-02	8.36417910e+00	8.86780876e+02	0.00000000e+00
1.77995935e+02	9.37149272e-03	4.77237010e-02	8.36420922e+00	8.87760276e+02	0.00000000e+00
1.78192305e+02	9.32685290e-03	4.74963756e-02	8.36423934e+00	8.88739677e+02	0.00000000e+00
1.78388675e+02	9.28346438e-03	4.72754225e-02	8.36426946e+00	8.89719077e+02	0.00000000e+00
1.78585045e+02	9.38217524e-03	4.77781010e-02	8.36429958e+00	8.90698478e+02	0.00000000e+00
1.78781415e+02	8.80563030e-03	4.48420844e-02	8.36432971e+00	8.91677878e+02	0.00000000e+00
1.78977784e+02	9.09861679e-03	4.63340985e-02	8.36435984e+00	8.92657278e+02	0.00000000e+00
1.79174154e+02	8.88296302e-03	4.52358961e-02	8.36438997e+00	8.93636679e+02	0.00000000e+00
1.79370524e+02	9.03590477e-03	4.60147417e-02	8.36442010e+00	8.94616079e+02	0.00000000e+00
1.79566894e+02	8.99947099e-03	4.58292052e-02	8.36445022e+00	8.95595480e+02	0.00000000e+00
1.79763263e+02	8.75988966e-03	4.46091532e-02	8.36448035e+00	8.96574880e+02	0.00000000e+00
1.79959633e+02	8.65479564e-03	4.40739689e-02	8.36451046e+00	8.97554280e+02	0.00000000e+00
1.80156003e+02	8.29479126e-03	4.22406707e-02	8.36454057e+00	8.98533681e+02	0.00000000e+00
1.80352373e+02	8.44363327e-03	4.29986387e-02	8.36457067e+00	8.99513081e+02	0.00000000e+00
1.80548743e+02	8.20141635e-03	4.17651652e-02	8.36460076e+00	9.00492482e+02	0.00000000e+00
1.80745112e+02	7.91937712e-03	4.03288992e-02	8.36463084e+00	9.01471882e+02	0.00000000e+00
1.80941482e+02	7.97075596e-03	4.05905425e-02	8.36466093e+00	9.02451282e+02	0.00000000e+00
1.81137852e+02	7.99606767e-03	4.07194407e-02	8.36469101e+00	9.03430683e+02	0.00000000e+00
1.81334222e+02	7.91386737e-03	4.03008412e-02	8.36472111e+00	9.04410083e+02	0.00000000e+00
1.81530591e+02	7.92676138e-03	4.03665030e-02	8.36475121e+00	9.05389484e+02	0.00000000e+00
1.81726961e+02	8.00846235e-03	4.07825598e-02	8.36478133e+00	9.06368884e+02	0.00000000e+00
1.81923331e+02	7.96453591e-03	4.05588673e-02	8.36481147e+00	9.07348285e+02	0.00000000e+00
1.82119701e+02	7.92173849e-03	4.03409244e-02	8.36484163e+00	9.08327685e+02	0.00000000e+00
1.82316071e+02	7.60198299e-03	3.87125908e-02	8.36487183e+00	9.09307085e+02	0.00000000e+00
1.82512440e+02	8.22355092e-03	4.18778840e-02	8.36490247e+00	9.10286486e+02	0.00000000e+00
1.82708810e+02	7.43444361e-03	3.78594077e-02	8.36493675e+00	9.11265886e+02	0.00000000e+00
1.82905180e+02	7.35231522e-03	3.74411744e-02	8.36497501e+00	9.12245287e+02	0.00000000e+00
1.83101550e+02	7.49914674e-03	3.81889041e-02	8.36501510e+00	9.13224687e+02	0.00000000e+00
1.83297920e+02	7.77109903e-03	3.95738030e-02	8.36505517e+00	9.14204087e+02	0.00000000e+00
1.83494289e+02	7.39764720e-03	3.76720244e-02	8.36509344e+00	9.15183488e+02	0.00000000e+00
1.83690659e+02	7.19523627e-03	3.66412603e-02	8.36512817e+00	9.16162888e+02	0.00000000e+00
1.83887029e+02	7.01449187e-03	3.57208315e-02	8.36515769e+00	9.17142289e+02	0.00000000e+00
1.84083399e+02	7.10213158e-03	3.61671309e-02	8.36518038e+00	9.18121689e+02	0.00000000e+00
1.84279768e+02	6.98068654e-03	3.55486801e-02	8.36519469e+00	9.19101089e+02	0.00000000e+00
1.84476138e+02	6.69607809e-03	3.40993306e-02	8.36520046e+00	9.20080490e+02	0.00000000e+00
1.84672508e+02	6.86588232e-03	3.49640473e-02	8.36520076e+00	9.21059890e+02	0.00000000e+00
1.84868878e+02	6.61385235e-03	3.36806015e-02	8.36520076e+00	9.22039291e+02	0.00000000e+00
1.85065248e+02	6.78920497e-03	3.45735730e-02	8.36520076e+00	9.23018691e+02	0.00000000e+00
1.85261617e+02	6.58488759e-03	3.35331004e-02	8.36520076e+00	9.23998091e+02	0.00000000e+00
1.85457987e+02	6.61187329e-03	3.36705232e-02	8.36520076e+00	9.24977492e+02	0.00000000e+00
1.85654357e+02	6.37219741e-03	3.24499898e-02	8.36520076e+00	9.25956892e+02	0.00000000e+00
1.85850727e+02	6.37128884e-03	3.24453630e-02	8.36520076e+00	9.26936293e+02	0.00000000e+00
1.86047096e+02	6.25626621e-03	3.18596180e-02	8.36520076e+00	9.27915693e+02	0.00000000e+00
1.86243466e+02	6.07315121e-03	3.09271171e-02	8.36520076e+00	9.28895093e+02	0.00000000e+00
1.86439836e+02	6.20304018e-03	3.15885679e-02	8.36520149e+00	9.29874494e+02	0.00000000e+00
1.86636206e+02	6.39397799e-03	3.25609060e-02	8.36520576e+00	9.30853894e+02	0.00000000e+00
1.86832576e+02	6.15690165e-03	3.13536106e-02	8.36521961e+00	9.31833295e+02	0.00000000e+00
1.87028945e+02	6.14756731e-03	3.13060761e-02	8.36524288e+00	9.32812695e+02	0.00000000e+00
1.87225315e+02	5.99625742e-03	3.05355405e-02	8.36527295e+00	9.33792095e+02	0.00000000e+00
1.87421685e+02	5.74331164e-03	2.92474310e-02	8.36530788e+00	9.34771496e+02	0.00000000e+00
1.87618055e+02	5.88470566e-03	2.99674706e-02	8.36534601e+00	9.35750896e+02	0.00000000e+00
1.87814424e+02	5.70574208e-03	2.90561106e-02	8.36538567e+00	9.36730297e+02	0.00000000e+00
1.88010794e+02	5.49977545e-03	2.80072393e-02	8.36542521e+00	9.37709697e+02	0.00000000e+00
1.88207164e+02	5.76823185e-03	2.93743356e-02	8.36546298e+00	9.38689097e+02	0.00000000e+00
1.88403534e+02	5.69835874e-03	2.90185114e-02	8.36549757e+00	9.39668498e+02	0.00000000e+00
1.88599904e+02	5.70359902e-03	2.90451972e-02	8.36552832e+00	9.40647898e+02	0.00000000e+00
1.88796273e+02	5.47209785e-03	2.78662929e-02	8.36555847e+00	9.41627299e+02	0.00000000e+00
1.88992643e+02	5.46036201e-03	2.78065290e-02	8.36558859e+00	9.42606699e+02	0.00000000e+00
1.89189013e+02	5.26377398e-03	2.68054175e-02	8.36561870e+00	9.43586100e+02	0.00000000e+00
1.89385383e+02	5.15269627e-03	2.62397617e-02	8.36564880e+00	9.44565500e+02	0.00000000e+00
1.89581753e+02	4.97781281e-03	2.53491794e-02	8.36567890e+00	9.45544900e+02	0.00000000e+00
1.89778122e+02	4.79942987e-03	2.44407762e-02	8.36570900e+00	9.46524301e+02	0.00000000e+00
1.89974492e+02	5.16072535e-03	2.62806493e-02	8.36573912e+00	9.47503701e+02	0.00000000e+00
1.90170862e+02	5.00572490e-03	2.54913198e-02	8.36576925e+00	9.48483102e+02	0.00000000e+00
1.90367232e+02	5.17948918e-03	2.63762028e-02	8.36579942e+00	9.49462502e+02	0.00000000e+00
1.90563601e+02	5.04724561e-03	2.57027613e-02	8.36583089e+00	9.50441902e+02	0.00000000e+00
1.90759971e+02	4.97547098e-03	2.53372538e-02	8.36586596e+00	9.51421303e+02	0.00000000e+00
1.90956341e+02	4.98539919e-03	2.53878125e-02	8.36590424e+00	9.52400703e+02	0.00000000e+00
1.91152711e+02	4.96906363e-03	2.53046247e-02	8.36594418e+00	9.53380104e+02	0.00000000e+00
1.91349081e+02	4.87671676e-03	2.48343545e-02	8.36598413e+00	9.54359504e+02	0.00000000e+00
1.91545450e+02	4.74950354e-03	2.41865297e-02	8.36602239e+00	9.55338904e+02	0.00000000e+00
1.91741820e+02	4.73804328e-03	2.41281690e-02	8.36605628e+00	9.56318305e+02	0.00000000e+00
1.91938190e+02	4.81461039e-03	2.45180819e-02	8.36608460e+00	9.57297705e+02	0.00000000e+00
1.92134560e+02	4.72101937e-03	2.40414760e-02	8.36610588e+00	9.58277106e+02	0.00000000e+00
1.92330929e+02	4.50155091e-03	2.29238475e-02	8.36611874e+00	9.59256506e+02	0.00000000e+00
1.92527299e+02	4.31259778e-03	2.19616163e-02	8.36612363e+00	9.60235906e+02	0.00000000e+00
1.92723669e+02	4.27933282e-03	2.17922167e-02	8.36612363e+00	9.61215307e+02	0.00000000e+00
1.92920039e+02	4.47218146e-03	2.27742855e-02	8.36612363e+00	9.62194707e+02	0.00000000e+00
1.93116409e+02	4.40744056e-03	2.24445968e-02	8.36612363e+00	9.63174108e+02	0.00000000e+00
1.93312778e+02	4.24039024e-03	2.15939042e-02	8.36612363e+00	9.64153508e+02	0.00000000e+00
1.93509148e+02	4.12748986e-03	2.10189665e-02	8.36612363e+00	9.65132908e+02	0.00000000e+00
1.93705518e+02	4.12512372e-03	2.10069171e-02	8.36612363e+00	9.66112309e+02	0.00000000e+00
1.93901888e+02	3.98359285e-03	2.02861806e-02	8.36612363e+00	9.67091709e+02	0.00000000e+00
1.94098257e+02	3.88550160e-03	1.97866574e-02	8.36612363e+00	9.68071110e+02	0.00000000e+00
1.94294627e+02	3.72011687e-03	1.89444468e-02	8.36612363e+00	9.69050510e+02	0.00000000e+00
1.94490997e+02	3.69832572e-03	1.88334768e-02	8.36612497e+00	9.70029910e+02	0.00000000e+00
1.94687367e+02	3.82964700e-03	1.95022216e-02	8.36613068e+00	9.71009311e+02	0.00000000e+00
1.94883737e+02	3.82994682e-03	1.95037485e-02	8.36614549e+00	9.71988711e+02	0.00000000e+00
1.95080106e+02	3.88113723e-03	1.97644322e-02	8.36617028e+00	9.72968112e+02	0.00000000e+00
1.95276476e+02	3.91867984e-03	1.99556155e-02	8.36620112e+00	9.73947512e+02	0.00000000e+00
1.95472846e+02	3.77327948e-03	1.92151738e-02	8.36623641e+00	9.74926912e+02	0.00000000e+00
1.95669216e+02	3.72088182e-03	1.89483422e-02	8.36627469e+00	9.75906313e+02	0.00000000e+00
1.95865586e+02	4.00649681e-03	2.04028175e-02	8.36631453e+00	9.76885713e+02	0.00000000e+00
1.96061955e+02	3.76503543e-03	1.91731915e-02	8.36635422e+00	9.77865114e+02	0.00000000e+00
1.96258325e+02	3.56657657e-03	1.81625531e-02	8.36639143e+00	9.78844514e+02	0.00000000e+00
1.96454695e+02	3.43502256e-03	1.74926231e-02	8.36642519e+00	9.79823915e+02	0.00000000e+00
1.96651065e+02	3.36053014e-03	1.71132754e-02	8.36645887e+00	9.80803315e+02	0.00000000e+00
1.96847434e+02	3.34585382e-03	1.70385372e-02	8.36649512e+00	9.81782715e+02	0.00000000e+00
1.97043804e+02	3.42193075e-03	1.74259539e-02	8.36653440e+00	9.82762116e+02	0.00000000e+00
1.97240174e+02	3.23432597e-03	1.64705891e-02	8.36657478e+00	9.83741516e+02	0.00000000e+00
1.97436544e+02	3.31804572e-03	1.68969263e-02	8.36661390e+00	9.84720917e+02	0.00000000e+00
1.97632914e+02	3.23214052e-03	1.64594598e-02	8.36665037e+00	9.85700317e+02	0.00000000e+00
1.97829283e+02	3.09280850e-03	1.57499208e-02	8.36668284e+00	9.86679717e+02	0.00000000e+00
1.98025653e+02	3.51183369e-03	1.78837786e-02	8.36671004e+00	9.87659118e+02	0.00000000e+00
1.98222023e+02	2.90008074e-03	1.47684675e-02	8.36672755e+00	9.88638518e+02	0.00000000e+00
1.98418393e+02	2.81029444e-03	1.43112368e-02	8.36673611e+00	9.89617919e+02	0.00000000e+00
1.98614762e+02	2.85600323e-03	1.45440057e-02	8.36673899e+00	9.90597319e+02	0.00000000e+00
1.98811132e+02	2.80950473e-03	1.43072152e-02	8.36673899e+00	9.91576719e+02	0.00000000e+00
1.99007502e+02	2.61797434e-03	1.33318595e-02	8.36673899e+00	9.92556120e+02	0.00000000e+00
1.99203872e+02	2.61144794e-03	1.32986243e-02	8.36673899e+00	9.93535520e+02	0.00000000e+00
1.99400242e+02	2.52472269e-03	1.28569817e-02	8.36673899e+00	9.94514921e+02	0.00000000e+00
1.99596611e+02	2.40426736e-03	1.22435710e-02	8.36673899e+00	9.95494321e+02	0.00000000e+00
1.99792981e+02	2.38792468e-03	1.21603470e-02	8.36673899e+00	9.96473721e+02	0.00000000e+00
1.99989351e+02	2.22326105e-03	1.13218085e-02	8.36673899e+00	9.97453122e+02	0.00000000e+00
2.00185721e+02	2.19448887e-03	1.11752880e-02	8.36673899e+00	9.98432522e+02	0.00000000e+00
2.00382090e+02	2.09351877e-03	1.06611046e-02	8.36673926e+00	9.99411923e+02	0.00000000e+00
2.00578460e+02	1.76607045e-03	8.99359586e-03	8.36674106e+00	1.00039132e+03	0.00000000e+00
2.00774830e+02	1.55841120e-03	7.93610499e-03	8.36675649e+00	1.00137072e+03	0.00000000e+00
2.00971200e+02	1.39784404e-03	7.11842744e-03	8.36678427e+00	1.00235012e+03	0.00000000e+00
2.01167570e+02	1.17632457e-03	5.99035431e-03	8.36682036e+00	1.00332952e+03	0.00000000e+00
2.01363939e+02	9.31924723e-04	4.74576443e-03	8.36686229e+00	1.00430892e+03	0.00000000e+00
2.01560309e+02	9.03529792e-04	4.60116514e-03	8.36690738e+00	1.00528833e+03	0.00000000e+00
2.01756679e+02	8.24148513e-04	4.19692128e-03	8.36695064e+00	1.00626773e+03	0.00000000e+00
2.01953049e+02	9.25410193e-04	4.71258962e-03	8.36698889e+00	1.00724713e+03	0.00000000e+00
2.02149419e+02	1.02171969e-03	5.20303929e-03	8.36701983e+00	1.00822653e+03	0.00000000e+00
2.02345788e+02	8.47048079e-04	4.31353578e-03	8.36704137e+00	1.00920593e+03	2.27343649e+01
