Momentum_MeV/c	Charge_pC	ChargeDen_pC/MeV/c	acepAngle_mrad	NrmMmt_MeV/c/T	gap Mmt_MeV/c
1.45950202e+00	0.00000000e+00	0.00000000e+00	1.06799488e+01	7.27931182e+00	3.30451287e+01
1.65587180e+00	4.87995414e-03	2.48508407e-02	1.06149303e+01	8.25871223e+00	0.00000000e+00
1.85224158e+00	3.38371167e-03	1.72313258e-02	1.05599162e+01	9.23811263e+00	0.00000000e+00
2.04861136e+00	2.64253850e-03	1.34569509e-02	1.05126454e+01	1.02175130e+01	0.00000000e+00
2.24498115e+00	2.48864251e-03	1.26732458e-02	1.04703948e+01	1.11969134e+01	0.00000000e+00
2.44135093e+00	1.81684798e-03	9.25217703e-03	1.04333619e+01	1.21763138e+01	0.00000000e+00
2.63772071e+00	1.66804183e-03	8.49439165e-03	1.04004239e+01	1.31557143e+01	0.00000000e+00
2.83409049e+00	1.59553328e-03	8.12514669e-03	1.03701114e+01	1.41351147e+01	0.00000000e+00
3.03046027e+00	1.32922433e-03	6.76898613e-03	1.03440075e+01	1.51145151e+01	0.00000000e+00
3.22683005e+00	1.91917843e-03	9.77328802e-03	1.03183349e+01	1.60939155e+01	0.00000000e+00
3.42319983e+00	1.86356891e-03	9.49010023e-03	1.02942357e+01	1.70733159e+01	0.00000000e+00
3.61956961e+00	8.62610794e-04	4.39278787e-03	1.02719872e+01	1.80527163e+01	0.00000000e+00
3.81593940e+00	1.13350992e-03	5.77232359e-03	1.02502752e+01	1.90321167e+01	0.00000000e+00
4.01230918e+00	1.17242100e-03	5.97047564e-03	1.02290702e+01	2.00115171e+01	0.00000000e+00
4.20867896e+00	1.56432126e-03	7.96620156e-03	1.02083931e+01	2.09909175e+01	0.00000000e+00
4.40504874e+00	1.55194286e-03	7.90316537e-03	1.01886814e+01	2.19703179e+01	0.00000000e+00
4.60141852e+00	1.56308114e-03	7.95988636e-03	1.01686371e+01	2.29497183e+01	0.00000000e+00
4.79778830e+00	1.75258412e-03	8.92491761e-03	1.01494575e+01	2.39291187e+01	0.00000000e+00
4.99415808e+00	2.05001604e-03	1.04395698e-02	1.01300338e+01	2.49085191e+01	0.00000000e+00
5.19052786e+00	1.80337644e-03	9.18357412e-03	1.01110003e+01	2.58879195e+01	0.00000000e+00
5.38689765e+00	1.64914661e-03	8.39816902e-03	1.00921026e+01	2.68673199e+01	0.00000000e+00
5.58326743e+00	1.92198019e-03	9.78755577e-03	1.00732368e+01	2.78467203e+01	0.00000000e+00
5.77963721e+00	1.78305645e-03	9.08009593e-03	1.00546313e+01	2.88261207e+01	0.00000000e+00
5.97600699e+00	1.76079998e-03	8.96675635e-03	1.00362827e+01	2.98055211e+01	0.00000000e+00
6.17237677e+00	2.01370798e-03	1.02546734e-02	1.00176364e+01	3.07849216e+01	0.00000000e+00
6.36874655e+00	1.91358822e-03	9.74482022e-03	9.99907972e+00	3.17643220e+01	0.00000000e+00
6.56511633e+00	1.57037563e-03	7.99703304e-03	9.98059139e+00	3.27437224e+01	0.00000000e+00
6.76148612e+00	1.61495175e-03	8.22403398e-03	9.96217199e+00	3.37231228e+01	0.00000000e+00
6.95785590e+00	1.30246700e-03	6.63272625e-03	9.94382237e+00	3.47025232e+01	0.00000000e+00
7.15422568e+00	1.29604309e-03	6.60001290e-03	9.92553851e+00	3.56819236e+01	0.00000000e+00
7.35059546e+00	1.44389324e-03	7.35292994e-03	9.90732145e+00	3.66613240e+01	0.00000000e+00
7.54696524e+00	1.58306456e-03	8.06165055e-03	9.88905383e+00	3.76407244e+01	0.00000000e+00
7.74333502e+00	1.54128214e-03	7.84887638e-03	9.87104206e+00	3.86201248e+01	0.00000000e+00
7.93970480e+00	1.25407819e-03	6.38630947e-03	9.85257893e+00	3.95995252e+01	0.00000000e+00
8.13607458e+00	1.30201268e-03	6.63041265e-03	9.83468597e+00	4.05789256e+01	0.00000000e+00
8.33244437e+00	1.34536180e-03	6.85116515e-03	9.81637322e+00	4.15583260e+01	0.00000000e+00
8.52881415e+00	1.23196509e-03	6.27369996e-03	9.79815387e+00	4.25377264e+01	0.00000000e+00
8.72518393e+00	1.02943714e-03	5.24233993e-03	9.78000215e+00	4.35171268e+01	0.00000000e+00
8.92155371e+00	1.04040451e-03	5.29819048e-03	9.76191770e+00	4.44965272e+01	0.00000000e+00
9.11792349e+00	1.00881378e-03	5.13731681e-03	9.74390004e+00	4.54759276e+01	0.00000000e+00
9.31429327e+00	1.22662013e-03	6.24648114e-03	9.72594916e+00	4.64553280e+01	0.00000000e+00
9.51066305e+00	9.53045652e-04	4.85332135e-03	9.70808471e+00	4.74347284e+01	0.00000000e+00
9.70703283e+00	9.20572441e-04	4.68795369e-03	9.68982009e+00	4.84141289e+01	0.00000000e+00
9.90340262e+00	8.87338714e-04	4.51871315e-03	9.67173677e+00	4.93935293e+01	0.00000000e+00
1.00997724e+01	1.06298224e-03	5.41316607e-03	9.65401538e+00	5.03729297e+01	0.00000000e+00
1.02961422e+01	1.10370658e-03	5.62055205e-03	9.63596241e+00	5.13523301e+01	0.00000000e+00
1.04925120e+01	1.03459649e-03	5.26861352e-03	9.61767970e+00	5.23317305e+01	0.00000000e+00
1.06888817e+01	8.98728188e-04	4.57671329e-03	9.59986918e+00	5.33111309e+01	0.00000000e+00
1.08852515e+01	9.45963921e-04	4.81725811e-03	9.58186644e+00	5.42905313e+01	0.00000000e+00
1.10816213e+01	1.04435815e-03	5.31832415e-03	9.56387568e+00	5.52699317e+01	0.00000000e+00
1.12779911e+01	1.02685459e-03	5.22918841e-03	9.54579982e+00	5.62493321e+01	0.00000000e+00
1.14743609e+01	8.93822432e-04	4.55173105e-03	9.52778510e+00	5.72287325e+01	0.00000000e+00
1.16707306e+01	8.84909219e-04	4.50634111e-03	9.50968940e+00	5.82081329e+01	0.00000000e+00
1.18671004e+01	9.83535975e-04	5.00859128e-03	9.49160353e+00	5.91875333e+01	0.00000000e+00
1.20634702e+01	9.32377732e-04	4.74807135e-03	9.47336029e+00	6.01669337e+01	0.00000000e+00
1.22598400e+01	8.09040104e-04	4.11998271e-03	9.45522098e+00	6.11463341e+01	0.00000000e+00
1.24562098e+01	8.36606235e-04	4.26036139e-03	9.43705798e+00	6.21257345e+01	0.00000000e+00
1.26525796e+01	7.78436876e-04	3.96413782e-03	9.41913141e+00	6.31051349e+01	0.00000000e+00
1.28489493e+01	1.00671757e-03	5.12664203e-03	9.40080311e+00	6.40845353e+01	0.00000000e+00
1.30453191e+01	8.61742431e-04	4.38836579e-03	9.38254092e+00	6.50639357e+01	0.00000000e+00
1.32416889e+01	7.52795291e-04	3.83355976e-03	9.36403717e+00	6.60433362e+01	0.00000000e+00
1.34380587e+01	8.56270349e-04	4.36049958e-03	9.34593916e+00	6.70227366e+01	0.00000000e+00
1.36344285e+01	1.04670261e-03	5.33026315e-03	9.32755226e+00	6.80021370e+01	0.00000000e+00
1.38307982e+01	9.01008302e-04	4.58832462e-03	9.30886181e+00	6.89815374e+01	0.00000000e+00
1.40271680e+01	9.00260449e-04	4.58451623e-03	9.29024678e+00	6.99609378e+01	0.00000000e+00
1.42235378e+01	8.30731916e-04	4.23044682e-03	9.27170673e+00	7.09403382e+01	0.00000000e+00
1.44199076e+01	8.01319586e-04	4.08066649e-03	9.25326352e+00	7.19197386e+01	0.00000000e+00
1.46162774e+01	8.24355088e-04	4.19797324e-03	9.23448698e+00	7.28991390e+01	0.00000000e+00
1.48126471e+01	8.05270355e-04	4.10078552e-03	9.21578787e+00	7.38785394e+01	0.00000000e+00
1.50090169e+01	9.56609064e-04	4.87146779e-03	9.19689113e+00	7.48579398e+01	0.00000000e+00
1.52053867e+01	1.02548065e-03	5.22219175e-03	9.17802997e+00	7.58373402e+01	0.00000000e+00
1.54017565e+01	6.97908036e-04	3.55405007e-03	9.15878240e+00	7.68167406e+01	0.00000000e+00
1.55981263e+01	1.00051301e-03	5.09504572e-03	9.13987486e+00	7.77961410e+01	0.00000000e+00
1.57944961e+01	1.04108842e-03	5.30167327e-03	9.12047502e+00	7.87755414e+01	0.00000000e+00
1.59908658e+01	1.14519858e-03	5.83184730e-03	9.10117899e+00	7.97549418e+01	0.00000000e+00
1.61872356e+01	1.06580139e-03	5.42752243e-03	9.08199219e+00	8.07343422e+01	0.00000000e+00
1.63836054e+01	1.07573927e-03	5.47813039e-03	9.06245583e+00	8.17137426e+01	0.00000000e+00
1.65799752e+01	1.29119371e-03	6.57531777e-03	9.04290735e+00	8.26931430e+01	0.00000000e+00
1.67763450e+01	1.30110620e-03	6.62579647e-03	9.02323833e+00	8.36725435e+01	0.00000000e+00
1.69727147e+01	1.31473387e-03	6.69519446e-03	9.00355793e+00	8.46519439e+01	0.00000000e+00
1.71690845e+01	1.30220114e-03	6.63137234e-03	8.98374293e+00	8.56313443e+01	0.00000000e+00
1.73654543e+01	1.63337409e-03	8.31784851e-03	8.96360425e+00	8.66107447e+01	0.00000000e+00
1.75618241e+01	1.73748841e-03	8.84804374e-03	8.94359534e+00	8.75901451e+01	0.00000000e+00
1.77581939e+01	1.73455979e-03	8.83312992e-03	8.92329116e+00	8.85695455e+01	0.00000000e+00
1.79545636e+01	1.84780807e-03	9.40983922e-03	8.90308112e+00	8.95489459e+01	0.00000000e+00
1.81509334e+01	1.99778558e-03	1.01735897e-02	8.88264511e+00	9.05283463e+01	0.00000000e+00
1.83473032e+01	1.92359184e-03	9.79576301e-03	8.86197597e+00	9.15077467e+01	0.00000000e+00
1.85436730e+01	2.96977418e-04	1.51233767e-03	8.84139816e+00	9.24871471e+01	0.00000000e+00
1.87400428e+01	2.19331168e-04	1.11692933e-03	8.82026316e+00	9.34665475e+01	0.00000000e+00
1.89364126e+01	1.34675171e-04	6.85824315e-04	8.79954720e+00	9.44459479e+01	0.00000000e+00
1.91327823e+01	1.37126520e-04	6.98307647e-04	8.77828532e+00	9.54253483e+01	0.00000000e+00
1.93291521e+01	1.58161131e-04	8.05424997e-04	8.75713234e+00	9.64047487e+01	0.00000000e+00
1.95255219e+01	1.72936938e-04	8.80669812e-04	8.73570282e+00	9.73841491e+01	0.00000000e+00
1.97218917e+01	1.32291853e-04	6.73687431e-04	8.71416728e+00	9.83635495e+01	0.00000000e+00
1.99182615e+01	8.30041883e-05	4.22693287e-04	8.69229096e+00	9.93429499e+01	0.00000000e+00
2.01146312e+01	8.50812408e-05	4.33270538e-04	8.67032020e+00	1.00322350e+02	0.00000000e+00
2.03110010e+01	1.00212213e-04	5.10324004e-04	8.64836928e+00	1.01301751e+02	0.00000000e+00
2.05073708e+01	8.66769235e-05	4.41396445e-04	8.62637634e+00	1.02281151e+02	0.00000000e+00
2.07037406e+01	6.76932520e-05	3.44723366e-04	8.60401715e+00	1.03260552e+02	0.00000000e+00
2.09001104e+01	7.51569806e-05	3.82731906e-04	8.58140449e+00	1.04239952e+02	0.00000000e+00
2.10964802e+01	8.12652312e-05	4.13837764e-04	8.55883123e+00	1.05219352e+02	0.00000000e+00
2.12928499e+01	5.59503343e-05	2.84923342e-04	8.53583471e+00	1.06198753e+02	0.00000000e+00
2.14892197e+01	6.85110904e-05	3.48888154e-04	8.51290342e+00	1.07178153e+02	0.00000000e+00
2.16855895e+01	7.55576564e-05	3.84772320e-04	8.48953333e+00	1.08157554e+02	0.00000000e+00
2.18819593e+01	4.25925218e-05	2.16899573e-04	8.46625692e+00	1.09136954e+02	0.00000000e+00
2.20783291e+01	1.74419341e-05	8.88218850e-05	8.44252744e+00	1.10116354e+02	0.00000000e+00
2.22746988e+01	2.23153827e-05	1.13639596e-04	8.41886300e+00	1.11095755e+02	0.00000000e+00
2.24710686e+01	7.84294730e-05	3.99396854e-04	8.39485283e+00	1.12075155e+02	0.00000000e+00
2.26674384e+01	4.02832718e-06	2.05139872e-05	8.37063433e+00	1.13054556e+02	0.00000000e+00
2.28638082e+01	0.00000000e+00	0.00000000e+00	8.35770141e+00	1.14033956e+02	0.00000000e+00
2.30601780e+01	0.00000000e+00	0.00000000e+00	8.35052135e+00	1.15013356e+02	0.00000000e+00
2.32565477e+01	0.00000000e+00	0.00000000e+00	8.34334128e+00	1.15992757e+02	0.00000000e+00
2.34529175e+01	0.00000000e+00	0.00000000e+00	8.33616122e+00	1.16972157e+02	0.00000000e+00
2.36492873e+01	0.00000000e+00	0.00000000e+00	8.32898115e+00	1.17951558e+02	0.00000000e+00
2.38456571e+01	0.00000000e+00	0.00000000e+00	8.32180109e+00	1.18930958e+02	0.00000000e+00
2.40420269e+01	0.00000000e+00	0.00000000e+00	8.31462102e+00	1.19910358e+02	0.00000000e+00
2.42383967e+01	0.00000000e+00	0.00000000e+00	8.30744096e+00	1.20889759e+02	0.00000000e+00
2.44347664e+01	0.00000000e+00	0.00000000e+00	8.30026089e+00	1.21869159e+02	0.00000000e+00
2.46311362e+01	0.00000000e+00	0.00000000e+00	8.29308083e+00	1.22848560e+02	0.00000000e+00
2.48275060e+01	0.00000000e+00	0.00000000e+00	8.28590076e+00	1.23827960e+02	0.00000000e+00
2.50238758e+01	0.00000000e+00	0.00000000e+00	8.27872070e+00	1.24807360e+02	0.00000000e+00
2.52202456e+01	0.00000000e+00	0.00000000e+00	8.27154063e+00	1.25786761e+02	0.00000000e+00
2.54166153e+01	0.00000000e+00	0.00000000e+00	8.26436057e+00	1.26766161e+02	0.00000000e+00
2.56129851e+01	0.00000000e+00	0.00000000e+00	8.25718050e+00	1.27745562e+02	0.00000000e+00
2.58093549e+01	0.00000000e+00	0.00000000e+00	8.25000044e+00	1.28724962e+02	0.00000000e+00
2.60057247e+01	0.00000000e+00	0.00000000e+00	8.24282037e+00	1.29704363e+02	0.00000000e+00
2.62020945e+01	0.00000000e+00	0.00000000e+00	8.23564031e+00	1.30683763e+02	0.00000000e+00
2.63984642e+01	0.00000000e+00	0.00000000e+00	8.22846024e+00	1.31663163e+02	0.00000000e+00
2.65948340e+01	0.00000000e+00	0.00000000e+00	8.22128018e+00	1.32642564e+02	0.00000000e+00
2.67912038e+01	0.00000000e+00	0.00000000e+00	8.21410011e+00	1.33621964e+02	0.00000000e+00
2.69875736e+01	0.00000000e+00	0.00000000e+00	8.20692005e+00	1.34601365e+02	0.00000000e+00
2.71839434e+01	0.00000000e+00	0.00000000e+00	8.19973998e+00	1.35580765e+02	0.00000000e+00
2.73803132e+01	0.00000000e+00	0.00000000e+00	8.19255992e+00	1.36560165e+02	0.00000000e+00
2.75766829e+01	0.00000000e+00	0.00000000e+00	8.18537985e+00	1.37539566e+02	0.00000000e+00
2.77730527e+01	0.00000000e+00	0.00000000e+00	8.17819979e+00	1.38518966e+02	0.00000000e+00
2.79694225e+01	0.00000000e+00	0.00000000e+00	8.17101972e+00	1.39498367e+02	0.00000000e+00
2.81657923e+01	0.00000000e+00	0.00000000e+00	8.16383966e+00	1.40477767e+02	0.00000000e+00
2.83621621e+01	0.00000000e+00	0.00000000e+00	8.15665960e+00	1.41457167e+02	0.00000000e+00
2.85585318e+01	0.00000000e+00	0.00000000e+00	8.14947953e+00	1.42436568e+02	0.00000000e+00
2.87549016e+01	0.00000000e+00	0.00000000e+00	8.14229947e+00	1.43415968e+02	0.00000000e+00
2.89512714e+01	0.00000000e+00	0.00000000e+00	8.13511940e+00	1.44395369e+02	0.00000000e+00
2.91476412e+01	0.00000000e+00	0.00000000e+00	8.12793934e+00	1.45374769e+02	0.00000000e+00
2.93440110e+01	0.00000000e+00	0.00000000e+00	8.12075927e+00	1.46354169e+02	0.00000000e+00
2.95403807e+01	0.00000000e+00	0.00000000e+00	8.11357921e+00	1.47333570e+02	0.00000000e+00
2.97367505e+01	0.00000000e+00	0.00000000e+00	8.10639914e+00	1.48312970e+02	0.00000000e+00
2.99331203e+01	0.00000000e+00	0.00000000e+00	8.09921908e+00	1.49292371e+02	0.00000000e+00
3.01294901e+01	0.00000000e+00	0.00000000e+00	8.09203901e+00	1.50271771e+02	0.00000000e+00
3.03258599e+01	0.00000000e+00	0.00000000e+00	8.08485895e+00	1.51251171e+02	0.00000000e+00
3.05222297e+01	0.00000000e+00	0.00000000e+00	8.07767888e+00	1.52230572e+02	0.00000000e+00
3.07185994e+01	0.00000000e+00	0.00000000e+00	8.07049882e+00	1.53209972e+02	0.00000000e+00
3.09149692e+01	0.00000000e+00	0.00000000e+00	8.06331875e+00	1.54189373e+02	0.00000000e+00
3.11113390e+01	0.00000000e+00	0.00000000e+00	8.05613869e+00	1.55168773e+02	0.00000000e+00
3.13077088e+01	0.00000000e+00	0.00000000e+00	8.04895862e+00	1.56148173e+02	0.00000000e+00
3.15040786e+01	0.00000000e+00	0.00000000e+00	8.04177856e+00	1.57127574e+02	0.00000000e+00
3.17004483e+01	0.00000000e+00	0.00000000e+00	8.03459849e+00	1.58106974e+02	0.00000000e+00
3.18968181e+01	0.00000000e+00	0.00000000e+00	8.02741843e+00	1.59086375e+02	0.00000000e+00
3.20931879e+01	0.00000000e+00	0.00000000e+00	8.02023836e+00	1.60065775e+02	0.00000000e+00
3.22895577e+01	0.00000000e+00	0.00000000e+00	8.01305830e+00	1.61045175e+02	0.00000000e+00
3.24859275e+01	0.00000000e+00	0.00000000e+00	8.00587823e+00	1.62024576e+02	0.00000000e+00
3.26822972e+01	0.00000000e+00	0.00000000e+00	7.99869817e+00	1.63003976e+02	0.00000000e+00
3.28786670e+01	0.00000000e+00	0.00000000e+00	7.99151810e+00	1.63983377e+02	0.00000000e+00
3.30750368e+01	0.00000000e+00	0.00000000e+00	7.98618803e+00	1.64962777e+02	0.00000000e+00
3.32714066e+01	1.51692733e-03	7.72485117e-03	7.99140586e+00	1.65942178e+02	0.00000000e+00
3.34677764e+01	2.14970277e-03	1.09472178e-02	7.99638088e+00	1.66921578e+02	0.00000000e+00
3.36641462e+01	2.21042407e-03	1.12564370e-02	8.00107557e+00	1.67900978e+02	0.00000000e+00
3.38605159e+01	2.15824848e-03	1.09907363e-02	8.00576165e+00	1.68880379e+02	0.00000000e+00
3.40568857e+01	2.12709938e-03	1.08321116e-02	8.01045437e+00	1.69859779e+02	0.00000000e+00
3.42532555e+01	2.05545377e-03	1.04672611e-02	8.01516835e+00	1.70839180e+02	0.00000000e+00
3.44496253e+01	1.78139427e-03	9.07163138e-03	8.01965196e+00	1.71818580e+02	0.00000000e+00
3.46459951e+01	1.65211216e-03	8.41327086e-03	8.02381974e+00	1.72797980e+02	0.00000000e+00
3.48423648e+01	2.00353353e-03	1.02028607e-02	8.02822551e+00	1.73777381e+02	0.00000000e+00
3.50387346e+01	1.89548982e-03	9.65265537e-03	8.03245016e+00	1.74756781e+02	0.00000000e+00
3.52351044e+01	1.82802751e-03	9.30910803e-03	8.03660623e+00	1.75736182e+02	0.00000000e+00
3.54314742e+01	2.05592790e-03	1.04696756e-02	8.04080489e+00	1.76715582e+02	0.00000000e+00
3.56278440e+01	2.07852289e-03	1.05847390e-02	8.04477281e+00	1.77694982e+02	0.00000000e+00
3.58242137e+01	2.11615273e-03	1.07763665e-02	8.04866128e+00	1.78674383e+02	0.00000000e+00
3.60205835e+01	2.03930082e-03	1.03850033e-02	8.05259401e+00	1.79653783e+02	0.00000000e+00
3.62169533e+01	1.79603414e-03	9.14618395e-03	8.05631328e+00	1.80633184e+02	0.00000000e+00
3.64133231e+01	1.69748701e-03	8.64433926e-03	8.05993281e+00	1.81612584e+02	0.00000000e+00
3.66096929e+01	1.68250680e-03	8.56805356e-03	8.06357255e+00	1.82591984e+02	0.00000000e+00
3.68060627e+01	1.88319803e-03	9.59006021e-03	8.06721018e+00	1.83571385e+02	0.00000000e+00
3.70024324e+01	1.72445372e-03	8.78166544e-03	8.07087765e+00	1.84550785e+02	0.00000000e+00
3.71988022e+01	1.65798803e-03	8.44319335e-03	8.07436911e+00	1.85530186e+02	0.00000000e+00
3.73951720e+01	1.55871435e-03	7.93764873e-03	8.07771671e+00	1.86509586e+02	0.00000000e+00
3.75915418e+01	1.60014561e-03	8.14863466e-03	8.08111581e+00	1.87488986e+02	0.00000000e+00
3.77879116e+01	1.56882164e-03	7.98911948e-03	8.08433362e+00	1.88468387e+02	0.00000000e+00
3.79842813e+01	1.50292930e-03	7.65356711e-03	8.08755316e+00	1.89447787e+02	0.00000000e+00
3.81806511e+01	1.54851489e-03	7.88570870e-03	8.09083847e+00	1.90427188e+02	0.00000000e+00
3.83770209e+01	1.40655882e-03	7.16280688e-03	8.09391285e+00	1.91406588e+02	0.00000000e+00
3.85733907e+01	1.50388781e-03	7.65844824e-03	8.09703892e+00	1.92385988e+02	0.00000000e+00
3.87697605e+01	1.48515115e-03	7.56303309e-03	8.10002727e+00	1.93365389e+02	0.00000000e+00
3.89661303e+01	1.55332507e-03	7.91020422e-03	8.10293491e+00	1.94344789e+02	0.00000000e+00
3.91625000e+01	1.30017507e-03	6.62105474e-03	8.10598572e+00	1.95324190e+02	0.00000000e+00
3.93588698e+01	1.49921440e-03	7.63464925e-03	8.10879095e+00	1.96303590e+02	0.00000000e+00
3.95552396e+01	1.76110052e-03	8.96828683e-03	8.11162404e+00	1.97282990e+02	0.00000000e+00
3.97516094e+01	1.42118141e-03	7.23727144e-03	8.11446735e+00	1.98262391e+02	0.00000000e+00
3.99479792e+01	1.26404099e-03	6.43704433e-03	8.11724339e+00	1.99241791e+02	0.00000000e+00
4.01443489e+01	1.14938959e-03	5.85318972e-03	8.11976896e+00	2.00221192e+02	0.00000000e+00
4.03407187e+01	1.57181488e-03	8.00436231e-03	8.12237823e+00	2.01200592e+02	0.00000000e+00
4.05370885e+01	1.49994840e-03	7.63838706e-03	8.12519723e+00	2.02179993e+02	0.00000000e+00
4.07334583e+01	1.12172381e-03	5.71230362e-03	8.12773655e+00	2.03159393e+02	0.00000000e+00
4.09298281e+01	1.30149306e-03	6.62776652e-03	8.13030381e+00	2.04138793e+02	0.00000000e+00
4.11261978e+01	9.47975400e-04	4.82750143e-03	8.13283491e+00	2.05118194e+02	0.00000000e+00
4.13225676e+01	1.42742423e-03	7.26906261e-03	8.13512393e+00	2.06097594e+02	0.00000000e+00
4.15189374e+01	1.45005842e-03	7.38432569e-03	8.13768483e+00	2.07076995e+02	0.00000000e+00
4.17153072e+01	1.15918193e-03	5.90305660e-03	8.13995697e+00	2.08056395e+02	0.00000000e+00
4.19116770e+01	1.20085536e-03	6.11527572e-03	8.14224024e+00	2.09035795e+02	0.00000000e+00
4.21080468e+01	1.27995933e-03	6.51810742e-03	8.14452403e+00	2.10015196e+02	0.00000000e+00
4.23044165e+01	1.25755639e-03	6.40402194e-03	8.14680923e+00	2.10994596e+02	0.00000000e+00
4.25007863e+01	1.21044186e-03	6.16409433e-03	8.14909575e+00	2.11973997e+02	0.00000000e+00
4.26971561e+01	1.60201703e-03	8.15816477e-03	8.15138326e+00	2.12953397e+02	0.00000000e+00
4.28935259e+01	1.25745784e-03	6.40352010e-03	8.15368098e+00	2.13932797e+02	0.00000000e+00
4.30898957e+01	1.18996448e-03	6.05981467e-03	8.15569866e+00	2.14912198e+02	0.00000000e+00
4.32862654e+01	1.09725446e-03	5.58769509e-03	8.15768955e+00	2.15891598e+02	0.00000000e+00
4.34826352e+01	1.11129963e-03	5.65921918e-03	8.15997296e+00	2.16870999e+02	0.00000000e+00
4.36790050e+01	1.24038389e-03	6.31657214e-03	8.16201061e+00	2.17850399e+02	0.00000000e+00
4.38753748e+01	9.96797938e-04	5.07612694e-03	8.16401466e+00	2.18829799e+02	0.00000000e+00
4.40717446e+01	1.30401482e-03	6.64060842e-03	8.16602237e+00	2.19809200e+02	0.00000000e+00
4.42681143e+01	1.15642304e-03	5.88900714e-03	8.16805668e+00	2.20788600e+02	0.00000000e+00
4.44644841e+01	1.10343449e-03	5.61916645e-03	8.16980707e+00	2.21768001e+02	0.00000000e+00
4.46608539e+01	1.23417641e-03	6.28496095e-03	8.17177724e+00	2.22747401e+02	0.00000000e+00
4.48572237e+01	1.16740463e-03	5.94493013e-03	8.17355230e+00	2.23726801e+02	0.00000000e+00
4.50535935e+01	1.55832619e-03	7.93567205e-03	8.17550748e+00	2.24706202e+02	0.00000000e+00
4.52499633e+01	1.25046556e-03	6.36791236e-03	8.17732209e+00	2.25685602e+02	0.00000000e+00
4.54463330e+01	9.48858583e-04	4.83199898e-03	8.17901495e+00	2.26665003e+02	0.00000000e+00
4.56427028e+01	1.01106327e-03	5.14877217e-03	8.18096515e+00	2.27644403e+02	0.00000000e+00
4.58390726e+01	1.04488446e-03	5.32100436e-03	8.18280281e+00	2.28623803e+02	0.00000000e+00
4.60354424e+01	1.23037685e-03	6.26561196e-03	8.18451583e+00	2.29603204e+02	0.00000000e+00
4.62318122e+01	1.22486970e-03	6.23756718e-03	8.18627432e+00	2.30582604e+02	0.00000000e+00
4.64281819e+01	1.20811492e-03	6.15224456e-03	8.18781202e+00	2.31562005e+02	0.00000000e+00
4.66245517e+01	1.36941985e-03	6.97367917e-03	8.18939600e+00	2.32541405e+02	0.00000000e+00
4.68209215e+01	1.35425437e-03	6.89644996e-03	8.19117639e+00	2.33520805e+02	0.00000000e+00
4.70172913e+01	1.28934800e-03	6.56591862e-03	8.19273477e+00	2.34500206e+02	0.00000000e+00
4.72136611e+01	1.11380716e-03	5.67198858e-03	8.19432235e+00	2.35479606e+02	0.00000000e+00
4.74100308e+01	1.14255339e-03	5.81837686e-03	8.19592519e+00	2.36459007e+02	0.00000000e+00
4.76064006e+01	1.48366013e-03	7.55544014e-03	8.19749207e+00	2.37438407e+02	0.00000000e+00
4.78027704e+01	1.49950540e-03	7.63613114e-03	8.19913114e+00	2.38417808e+02	0.00000000e+00
4.79991402e+01	1.20214780e-03	6.12185743e-03	8.20055668e+00	2.39397208e+02	0.00000000e+00
4.81955100e+01	9.97716848e-04	5.08080643e-03	8.20200641e+00	2.40376608e+02	0.00000000e+00
4.83918798e+01	1.24863117e-03	6.35857085e-03	8.20345423e+00	2.41356009e+02	0.00000000e+00
4.85882495e+01	1.29466391e-03	6.59298951e-03	8.20490322e+00	2.42335409e+02	0.00000000e+00
4.87846193e+01	1.25123120e-03	6.37181137e-03	8.20635242e+00	2.43314810e+02	0.00000000e+00
4.89809891e+01	1.12861051e-03	5.74737366e-03	8.20780269e+00	2.44294210e+02	0.00000000e+00
4.91773589e+01	1.38644154e-03	7.06036098e-03	8.20925174e+00	2.45273610e+02	0.00000000e+00
4.93737287e+01	1.15384928e-03	5.87590043e-03	8.21071387e+00	2.46253011e+02	0.00000000e+00
4.95700984e+01	8.76905378e-04	4.46558209e-03	8.21209523e+00	2.47232411e+02	0.00000000e+00
4.97664682e+01	1.12309434e-03	5.71928296e-03	8.21329655e+00	2.48211812e+02	0.00000000e+00
4.99628380e+01	1.22104116e-03	6.21807058e-03	8.21471555e+00	2.49191212e+02	0.00000000e+00
5.01592078e+01	1.25418864e-03	6.38687189e-03	8.21590415e+00	2.50170612e+02	0.00000000e+00
5.03555776e+01	1.22009265e-03	6.21324036e-03	8.21733568e+00	2.51150013e+02	0.00000000e+00
5.05519473e+01	1.22920846e-03	6.25966204e-03	8.21851777e+00	2.52129413e+02	0.00000000e+00
5.07483171e+01	1.17956682e-03	6.00686528e-03	8.21996093e+00	2.53108814e+02	0.00000000e+00
5.09446869e+01	1.27976474e-03	6.51711650e-03	8.22111429e+00	2.54088214e+02	0.00000000e+00
5.11410567e+01	1.30381361e-03	6.63958378e-03	8.22227652e+00	2.55067614e+02	0.00000000e+00
5.13374265e+01	1.19801643e-03	6.10081869e-03	8.22345329e+00	2.56047015e+02	0.00000000e+00
5.15337963e+01	1.29349713e-03	6.58704778e-03	8.22490708e+00	2.57026415e+02	0.00000000e+00
5.17301660e+01	1.31400659e-03	6.69149081e-03	8.22607023e+00	2.58005816e+02	0.00000000e+00
5.19265358e+01	1.12536504e-03	5.73084631e-03	8.22723534e+00	2.58985216e+02	0.00000000e+00
5.21229056e+01	1.01652576e-03	5.17658954e-03	8.22840119e+00	2.59964616e+02	0.00000000e+00
5.23192754e+01	1.12035401e-03	5.70532797e-03	8.22956731e+00	2.60944017e+02	0.00000000e+00
5.25156452e+01	1.06525645e-03	5.42474736e-03	8.23073357e+00	2.61923417e+02	0.00000000e+00
5.27120149e+01	9.38803528e-04	4.78079429e-03	8.23191007e+00	2.62902818e+02	0.00000000e+00
5.29083847e+01	1.08333578e-03	5.51681513e-03	8.23279763e+00	2.63882218e+02	0.00000000e+00
5.31047545e+01	1.05910019e-03	5.39339699e-03	8.23393297e+00	2.64861618e+02	0.00000000e+00
5.33011243e+01	1.20673669e-03	6.14522602e-03	8.23510381e+00	2.65841019e+02	0.00000000e+00
5.34974941e+01	8.87524140e-04	4.51965742e-03	8.23629260e+00	2.66820419e+02	0.00000000e+00
5.36938638e+01	8.91533666e-04	4.54007567e-03	8.23719354e+00	2.67799820e+02	0.00000000e+00
5.38902336e+01	9.62508116e-04	4.90150831e-03	8.23832330e+00	2.68779220e+02	0.00000000e+00
5.40866034e+01	1.18561536e-03	6.03766706e-03	8.23924178e+00	2.69758621e+02	0.00000000e+00
5.42829732e+01	1.14321618e-03	5.82175207e-03	8.24036434e+00	2.70738021e+02	0.00000000e+00
5.44793430e+01	1.32836418e-03	6.76460587e-03	8.24129832e+00	2.71717421e+02	0.00000000e+00
5.46757128e+01	1.31340134e-03	6.68840865e-03	8.24240301e+00	2.72696822e+02	0.00000000e+00
5.48720825e+01	1.25052018e-03	6.36819050e-03	8.24337049e+00	2.73676222e+02	0.00000000e+00
5.50684523e+01	1.27599291e-03	6.49790871e-03	8.24421795e+00	2.74655623e+02	0.00000000e+00
5.52648221e+01	1.26729840e-03	6.45363247e-03	8.24531492e+00	2.75635023e+02	0.00000000e+00
5.54611919e+01	1.19600560e-03	6.09057869e-03	8.24630437e+00	2.76614423e+02	0.00000000e+00
5.56575617e+01	1.01192359e-03	5.15315332e-03	8.24717077e+00	2.77593824e+02	0.00000000e+00
5.58539314e+01	1.15669837e-03	5.89040922e-03	8.24803152e+00	2.78573224e+02	0.00000000e+00
5.60503012e+01	1.17534955e-03	5.98538911e-03	8.24909728e+00	2.79552625e+02	0.00000000e+00
5.62466710e+01	1.19688791e-03	6.09507177e-03	8.25012145e+00	2.80532025e+02	0.00000000e+00
5.64430408e+01	1.00974910e-03	5.14207987e-03	8.25098408e+00	2.81511425e+02	0.00000000e+00
5.66394106e+01	1.18324012e-03	6.02557130e-03	8.25186448e+00	2.82490826e+02	0.00000000e+00
5.68357803e+01	8.98564849e-04	4.57588150e-03	8.25274386e+00	2.83470226e+02	0.00000000e+00
5.70321501e+01	9.90993405e-04	5.04656775e-03	8.25362345e+00	2.84449627e+02	0.00000000e+00
5.72285199e+01	1.05229338e-03	5.35873375e-03	8.25450375e+00	2.85429027e+02	0.00000000e+00
5.74248897e+01	1.23316359e-03	6.27980326e-03	8.25538254e+00	2.86408427e+02	0.00000000e+00
5.76212595e+01	1.16573113e-03	5.93640795e-03	8.25628141e+00	2.87387828e+02	0.00000000e+00
5.78176293e+01	1.20206867e-03	6.12145445e-03	8.25703896e+00	2.88367228e+02	0.00000000e+00
5.80139990e+01	1.17384011e-03	5.97770239e-03	8.25770140e+00	2.89346629e+02	0.00000000e+00
5.82103688e+01	1.05844509e-03	5.39006097e-03	8.25860625e+00	2.90326029e+02	0.00000000e+00
5.84067386e+01	1.10528375e-03	5.62858369e-03	8.25950044e+00	2.91305429e+02	0.00000000e+00
5.86031084e+01	1.18274758e-03	6.02306306e-03	8.26029239e+00	2.92284830e+02	0.00000000e+00
5.87994782e+01	8.72287821e-04	4.44206749e-03	8.26092253e+00	2.93264230e+02	0.00000000e+00
5.89958479e+01	9.56745562e-04	4.87216290e-03	8.26184183e+00	2.94243631e+02	0.00000000e+00
5.91922177e+01	1.08026209e-03	5.50116255e-03	8.26265350e+00	2.95223031e+02	0.00000000e+00
5.93885875e+01	9.37354813e-04	4.77341680e-03	8.26327302e+00	2.96202431e+02	0.00000000e+00
5.95849573e+01	1.05611540e-03	5.37819715e-03	8.26418424e+00	2.97181832e+02	0.00000000e+00
5.97813271e+01	1.04378900e-03	5.31542578e-03	8.26501592e+00	2.98161232e+02	0.00000000e+00
5.99776969e+01	9.75785904e-04	4.96912457e-03	8.26562593e+00	2.99140633e+02	0.00000000e+00
6.01740666e+01	1.01250402e-03	5.15610912e-03	8.26651444e+00	3.00120033e+02	0.00000000e+00
6.03704364e+01	1.22833071e-03	6.25519215e-03	8.26728674e+00	3.01099433e+02	0.00000000e+00
6.05668062e+01	1.13572250e-03	5.78359099e-03	8.26799799e+00	3.02078834e+02	0.00000000e+00
6.07631760e+01	1.13834201e-03	5.79693068e-03	8.26867625e+00	3.03058234e+02	0.00000000e+00
6.09595458e+01	8.24358629e-04	4.19799128e-03	8.26934710e+00	3.04037635e+02	0.00000000e+00
6.11559155e+01	1.04154279e-03	5.30398711e-03	8.27003328e+00	3.05017035e+02	0.00000000e+00
6.13522853e+01	1.13724376e-03	5.79133791e-03	8.27074060e+00	3.05996436e+02	0.00000000e+00
6.15486551e+01	1.04482376e-03	5.32069524e-03	8.27145602e+00	3.06975836e+02	0.00000000e+00
6.17450249e+01	1.05484484e-03	5.37172694e-03	8.27217129e+00	3.07955236e+02	0.00000000e+00
6.19413947e+01	9.79236403e-04	4.98669600e-03	8.27287836e+00	3.08934637e+02	0.00000000e+00
6.21377644e+01	9.83081041e-04	5.00627456e-03	8.27356983e+00	3.09914037e+02	0.00000000e+00
6.23341342e+01	9.15608271e-04	4.66267399e-03	8.27424453e+00	3.10893438e+02	0.00000000e+00
6.25305040e+01	1.23090568e-03	6.26830501e-03	8.27490702e+00	3.11872838e+02	0.00000000e+00
6.27268738e+01	9.84047980e-04	5.01119863e-03	8.27555744e+00	3.12852238e+02	0.00000000e+00
6.29232436e+01	9.44935706e-04	4.81202199e-03	8.27619581e+00	3.13831639e+02	0.00000000e+00
6.31196134e+01	1.07978712e-03	5.49874383e-03	8.27682152e+00	3.14811039e+02	0.00000000e+00
6.33159831e+01	8.71674960e-04	4.43894653e-03	8.27743232e+00	3.15790440e+02	0.00000000e+00
6.35123529e+01	1.15035637e-03	5.85811299e-03	8.27802748e+00	3.16769840e+02	0.00000000e+00
6.37087227e+01	1.21768131e-03	6.20096077e-03	8.27861264e+00	3.17749240e+02	0.00000000e+00
6.39050925e+01	7.36486854e-04	3.75051013e-03	8.27919428e+00	3.18728641e+02	0.00000000e+00
6.41014623e+01	7.87346695e-04	4.00951047e-03	8.27977824e+00	3.19708041e+02	0.00000000e+00
6.42978320e+01	1.48932091e-03	7.58426731e-03	8.28036726e+00	3.20687442e+02	0.00000000e+00
6.44942018e+01	1.51346962e-03	7.70724300e-03	8.28095717e+00	3.21666842e+02	0.00000000e+00
6.46905716e+01	1.13715912e-03	5.79090689e-03	8.28154747e+00	3.22646242e+02	0.00000000e+00
6.48869414e+01	1.03901022e-03	5.29109018e-03	8.28213822e+00	3.23625643e+02	0.00000000e+00
6.50833112e+01	1.08139013e-03	5.50690703e-03	8.28272946e+00	3.24605043e+02	0.00000000e+00
6.52796809e+01	1.15094638e-03	5.86111757e-03	8.28332319e+00	3.25584444e+02	0.00000000e+00
6.54760507e+01	9.05410007e-04	4.61074001e-03	8.28392324e+00	3.26563844e+02	0.00000000e+00
6.56724205e+01	1.05987524e-03	5.39734388e-03	8.28452357e+00	3.27543244e+02	0.00000000e+00
6.58687903e+01	9.98053331e-04	5.08251995e-03	8.28511721e+00	3.28522645e+02	0.00000000e+00
6.60651601e+01	1.20835704e-03	6.15347754e-03	8.28569695e+00	3.29502045e+02	0.00000000e+00
6.62615299e+01	1.27502568e-03	6.49298312e-03	8.28625712e+00	3.30481446e+02	0.00000000e+00
6.64578996e+01	9.42016232e-04	4.79715476e-03	8.28679892e+00	3.31460846e+02	0.00000000e+00
6.66542694e+01	1.00627338e-03	5.12438002e-03	8.28732817e+00	3.32440246e+02	0.00000000e+00
6.68506392e+01	1.08069694e-03	5.50337700e-03	8.28785215e+00	3.33419647e+02	0.00000000e+00
6.70470090e+01	9.59872977e-04	4.88808904e-03	8.28837686e+00	3.34399047e+02	0.00000000e+00
6.72433788e+01	9.34335386e-04	4.75804057e-03	8.28890871e+00	3.35378448e+02	0.00000000e+00
6.74397485e+01	1.20810877e-03	6.15221326e-03	8.28944918e+00	3.36357848e+02	0.00000000e+00
6.76361183e+01	1.14791673e-03	5.84568928e-03	8.28999181e+00	3.37337248e+02	0.00000000e+00
6.78324881e+01	9.79928930e-04	4.99022265e-03	8.29052927e+00	3.38316649e+02	0.00000000e+00
6.80288579e+01	1.01298445e-03	5.15855569e-03	8.29105413e+00	3.39296049e+02	0.00000000e+00
6.82252277e+01	8.95680110e-04	4.56119116e-03	8.29156029e+00	3.40275450e+02	0.00000000e+00
6.84215974e+01	7.09572102e-04	3.61344855e-03	8.29204682e+00	3.41254850e+02	0.00000000e+00
6.86179672e+01	7.37931551e-04	3.75786715e-03	8.29251981e+00	3.42234251e+02	0.00000000e+00
6.88143370e+01	6.14895176e-04	3.13131263e-03	8.29298578e+00	3.43213651e+02	0.00000000e+00
6.90107068e+01	6.40868337e-04	3.26357922e-03	8.29345141e+00	3.44193051e+02	0.00000000e+00
6.92070766e+01	1.10496751e-03	5.62697325e-03	8.29392286e+00	3.45172452e+02	0.00000000e+00
6.94034464e+01	9.62775980e-04	4.90287240e-03	8.29440348e+00	3.46151852e+02	0.00000000e+00
6.95998161e+01	9.00079334e-04	4.58359391e-03	8.29488791e+00	3.47131253e+02	0.00000000e+00
6.97961859e+01	6.79731025e-04	3.46148486e-03	8.29536860e+00	3.48110653e+02	0.00000000e+00
6.99925557e+01	8.44898443e-04	4.30258891e-03	8.29583826e+00	3.49090053e+02	0.00000000e+00
7.01889255e+01	9.19510686e-04	4.68254677e-03	8.29628950e+00	3.50069454e+02	0.00000000e+00
7.03852953e+01	8.28023051e-04	4.21665210e-03	8.29671547e+00	3.51048854e+02	0.00000000e+00
7.05816650e+01	9.26154422e-04	4.71637956e-03	8.29712315e+00	3.52028255e+02	0.00000000e+00
7.07780348e+01	8.76098201e-04	4.46147159e-03	8.29752536e+00	3.53007655e+02	0.00000000e+00
7.09744046e+01	9.25424978e-04	4.71266491e-03	8.29793441e+00	3.53987055e+02	0.00000000e+00
7.11707744e+01	9.12787073e-04	4.64830723e-03	8.29836250e+00	3.54966456e+02	0.00000000e+00
7.13671442e+01	1.06568720e-03	5.42694091e-03	8.29881972e+00	3.55945856e+02	0.00000000e+00
7.15635139e+01	9.83050546e-04	5.00611927e-03	8.29929997e+00	3.56925257e+02	0.00000000e+00
7.17598837e+01	1.02532466e-03	5.22139739e-03	8.29978884e+00	3.57904657e+02	0.00000000e+00
7.19562535e+01	1.52059472e-03	7.74352711e-03	8.30027202e+00	3.58884057e+02	0.00000000e+00
7.21526233e+01	1.20741464e-03	6.14867842e-03	8.30073586e+00	3.59863458e+02	0.00000000e+00
7.23489931e+01	1.06137989e-03	5.40500622e-03	8.30117800e+00	3.60842858e+02	0.00000000e+00
7.25453629e+01	1.01325963e-03	5.15995699e-03	8.30160843e+00	3.61822259e+02	0.00000000e+00
7.27417326e+01	9.50165848e-04	4.83865614e-03	8.30202706e+00	3.62801659e+02	0.00000000e+00
7.29381024e+01	1.14435020e-03	5.82752701e-03	8.30243306e+00	3.63781059e+02	0.00000000e+00
7.31344722e+01	1.01673403e-03	5.17765016e-03	8.30282568e+00	3.64760460e+02	0.00000000e+00
7.33308420e+01	8.98155757e-04	4.57379822e-03	8.30320002e+00	3.65739860e+02	0.00000000e+00
7.35272118e+01	1.01918521e-03	5.19013265e-03	8.30355291e+00	3.66719261e+02	0.00000000e+00
7.37235815e+01	1.14513639e-03	5.83153059e-03	8.30389696e+00	3.67698661e+02	0.00000000e+00
7.39199513e+01	1.14813463e-03	5.84679896e-03	8.30424430e+00	3.68678061e+02	0.00000000e+00
7.41163211e+01	1.07096918e-03	5.45383906e-03	8.30460678e+00	3.69657462e+02	0.00000000e+00
7.43126909e+01	8.90823470e-04	4.53645904e-03	8.30499597e+00	3.70636862e+02	0.00000000e+00
7.45090607e+01	1.10940988e-03	5.64959572e-03	8.30541230e+00	3.71616263e+02	0.00000000e+00
7.47054304e+01	1.13616970e-03	5.78586835e-03	8.30584215e+00	3.72595663e+02	0.00000000e+00
7.49018002e+01	2.37153529e-03	1.20768851e-02	8.30627003e+00	3.73575063e+02	0.00000000e+00
7.50981700e+01	2.89725726e-03	1.47540892e-02	8.30668158e+00	3.74554464e+02	0.00000000e+00
7.52945398e+01	4.10331320e-03	2.08958485e-02	8.30706730e+00	3.75533864e+02	0.00000000e+00
7.54909096e+01	3.88941385e-03	1.98065804e-02	8.30743236e+00	3.76513265e+02	0.00000000e+00
7.56872794e+01	3.58521815e-03	1.82574841e-02	8.30778564e+00	3.77492665e+02	0.00000000e+00
7.58836491e+01	2.68638183e-03	1.36802201e-02	8.30813370e+00	3.78472066e+02	0.00000000e+00
7.60800189e+01	3.29703494e-03	1.67899303e-02	8.30848288e+00	3.79451466e+02	0.00000000e+00
7.62763887e+01	2.78166101e-03	1.41654230e-02	8.30883939e+00	3.80430866e+02	0.00000000e+00
7.64727585e+01	3.32965892e-03	1.69560658e-02	8.30920484e+00	3.81410267e+02	0.00000000e+00
7.66691283e+01	3.77061811e-03	1.92016210e-02	8.30957216e+00	3.82389667e+02	0.00000000e+00
7.68654980e+01	3.74359054e-03	1.90639849e-02	8.30993354e+00	3.83369068e+02	0.00000000e+00
7.70618678e+01	3.89800077e-03	1.98503086e-02	8.31028155e+00	3.84348468e+02	0.00000000e+00
7.72582376e+01	3.28028279e-03	1.67046211e-02	8.31060892e+00	3.85327868e+02	0.00000000e+00
7.74546074e+01	3.35709633e-03	1.70957889e-02	8.31091114e+00	3.86307269e+02	0.00000000e+00
7.76509772e+01	3.80788993e-03	1.93914252e-02	8.31119865e+00	3.87286669e+02	0.00000000e+00
7.78473469e+01	3.71293376e-03	1.89078673e-02	8.31148389e+00	3.88266070e+02	0.00000000e+00
7.80437167e+01	3.47957179e-03	1.77194870e-02	8.31177895e+00	3.89245470e+02	0.00000000e+00
7.82400865e+01	3.58014485e-03	1.82316486e-02	8.31209599e+00	3.90224870e+02	0.00000000e+00
7.84364563e+01	3.67314431e-03	1.87052421e-02	8.31244372e+00	3.91204271e+02	0.00000000e+00
7.86328261e+01	3.64314994e-03	1.85524978e-02	8.31281118e+00	3.92183671e+02	0.00000000e+00
7.88291959e+01	3.65418124e-03	1.86086740e-02	8.31318337e+00	3.93163072e+02	0.00000000e+00
7.90255656e+01	3.88952107e-03	1.98071264e-02	8.31354539e+00	3.94142472e+02	0.00000000e+00
7.92219354e+01	3.98346271e-03	2.02855179e-02	8.31388328e+00	3.95121872e+02	0.00000000e+00
7.94183052e+01	3.98173299e-03	2.02767094e-02	8.31419672e+00	3.96101273e+02	0.00000000e+00
7.96146750e+01	3.92391782e-03	1.99822895e-02	8.31449553e+00	3.97080673e+02	0.00000000e+00
7.98110448e+01	3.84773930e-03	1.95943555e-02	8.31478629e+00	3.98060074e+02	0.00000000e+00
8.00074145e+01	3.71279507e-03	1.89071610e-02	8.31507519e+00	3.99039474e+02	0.00000000e+00
8.02037843e+01	3.91282086e-03	1.99257790e-02	8.31536813e+00	4.00018874e+02	0.00000000e+00
8.04001541e+01	3.87880505e-03	1.97525557e-02	8.31566505e+00	4.00998275e+02	0.00000000e+00
8.05965239e+01	3.66470829e-03	1.86622823e-02	8.31596235e+00	4.01977675e+02	0.00000000e+00
8.07928937e+01	3.98407213e-03	2.02886213e-02	8.31626005e+00	4.02957076e+02	0.00000000e+00
8.09892635e+01	3.60263885e-03	1.83461978e-02	8.31655816e+00	4.03936476e+02	0.00000000e+00
8.11856332e+01	3.33534310e-03	1.69850120e-02	8.31685670e+00	4.04915876e+02	0.00000000e+00
8.13820030e+01	3.79435228e-03	1.93224856e-02	8.31715995e+00	4.05895277e+02	0.00000000e+00
8.15783728e+01	4.20160426e-03	2.13963891e-02	8.31746877e+00	4.06874677e+02	0.00000000e+00
8.17747426e+01	3.67410085e-03	1.87101132e-02	8.31777537e+00	4.07854078e+02	0.00000000e+00
8.19711124e+01	3.80267860e-03	1.93648869e-02	8.31807215e+00	4.08833478e+02	0.00000000e+00
8.21674821e+01	3.99913590e-03	2.03653325e-02	8.31835189e+00	4.09812878e+02	0.00000000e+00
8.23638519e+01	4.13984662e-03	2.10818925e-02	8.31860738e+00	4.10792279e+02	0.00000000e+00
8.25602217e+01	3.62989150e-03	1.84849801e-02	8.31884207e+00	4.11771679e+02	0.00000000e+00
8.27565915e+01	3.63860976e-03	1.85293773e-02	8.31906822e+00	4.12751080e+02	0.00000000e+00
8.29529613e+01	4.17646848e-03	2.12683869e-02	8.31929779e+00	4.13730480e+02	0.00000000e+00
8.31493310e+01	3.69136593e-03	1.87980345e-02	8.31954265e+00	4.14709881e+02	0.00000000e+00
8.33457008e+01	4.17551652e-03	2.12635391e-02	8.31981498e+00	4.15689281e+02	0.00000000e+00
8.35420706e+01	4.11834461e-03	2.09723949e-02	8.32011507e+00	4.16668681e+02	0.00000000e+00
8.37384404e+01	4.20494025e-03	2.14133774e-02	8.32042806e+00	4.17648082e+02	0.00000000e+00
8.39348102e+01	3.63629944e-03	1.85176121e-02	8.32073850e+00	4.18627482e+02	0.00000000e+00
8.41311800e+01	3.83981058e-03	1.95539790e-02	8.32103160e+00	4.19606883e+02	0.00000000e+00
8.43275497e+01	3.73210180e-03	1.90054792e-02	8.32129652e+00	4.20586283e+02	0.00000000e+00
8.45239195e+01	3.44399050e-03	1.75382917e-02	8.32154284e+00	4.21565683e+02	0.00000000e+00
8.47202893e+01	3.51379977e-03	1.78937907e-02	8.32177790e+00	4.22545084e+02	0.00000000e+00
8.49166591e+01	3.86765202e-03	1.96957597e-02	8.32200812e+00	4.23524484e+02	0.00000000e+00
8.51130289e+01	4.00764011e-03	2.04086397e-02	8.32223943e+00	4.24503885e+02	0.00000000e+00
8.53093986e+01	3.95945254e-03	2.01632477e-02	8.32247627e+00	4.25483285e+02	0.00000000e+00
8.55057684e+01	4.00257751e-03	2.03828587e-02	8.32271459e+00	4.26462685e+02	0.00000000e+00
8.57021382e+01	3.94851399e-03	2.01075438e-02	8.32295317e+00	4.27442086e+02	0.00000000e+00
8.58985080e+01	4.11937436e-03	2.09776389e-02	8.32319191e+00	4.28421486e+02	0.00000000e+00
8.60948778e+01	4.16792955e-03	2.12249030e-02	8.32343070e+00	4.29400887e+02	0.00000000e+00
8.62912475e+01	4.31309718e-03	2.19641594e-02	8.32366945e+00	4.30380287e+02	0.00000000e+00
8.64876173e+01	4.43796166e-03	2.26000234e-02	8.32390814e+00	4.31359687e+02	0.00000000e+00
8.66839871e+01	4.23015543e-03	2.15417841e-02	8.32414678e+00	4.32339088e+02	0.00000000e+00
8.68803569e+01	4.33510358e-03	2.20762255e-02	8.32438540e+00	4.33318488e+02	0.00000000e+00
8.70767267e+01	3.95881271e-03	2.01599894e-02	8.32462402e+00	4.34297889e+02	0.00000000e+00
8.72730965e+01	3.80144394e-03	1.93585994e-02	8.32486265e+00	4.35277289e+02	0.00000000e+00
8.74694662e+01	3.73041487e-03	1.89968886e-02	8.32510135e+00	4.36256689e+02	0.00000000e+00
8.76658360e+01	3.65040234e-03	1.85894302e-02	8.32534010e+00	4.37236090e+02	0.00000000e+00
8.78622058e+01	3.57715726e-03	1.82164345e-02	8.32557886e+00	4.38215490e+02	0.00000000e+00
8.80585756e+01	3.87693209e-03	1.97430178e-02	8.32581758e+00	4.39194891e+02	0.00000000e+00
8.82549454e+01	4.22354633e-03	2.15081277e-02	8.32605622e+00	4.40174291e+02	0.00000000e+00
8.84513151e+01	4.01779904e-03	2.04603734e-02	8.32629480e+00	4.41153691e+02	0.00000000e+00
8.86476849e+01	3.86297044e-03	1.96719190e-02	8.32653341e+00	4.42133092e+02	0.00000000e+00
8.88440547e+01	3.97198023e-03	2.02270441e-02	8.32677213e+00	4.43112492e+02	0.00000000e+00
8.90404245e+01	3.91886299e-03	1.99565481e-02	8.32701104e+00	4.44091893e+02	0.00000000e+00
8.92367943e+01	4.08790078e-03	2.08173618e-02	8.32725026e+00	4.45071293e+02	0.00000000e+00
8.94331640e+01	3.95844276e-03	2.01581055e-02	8.32749557e+00	4.46050694e+02	0.00000000e+00
8.96295338e+01	4.10679589e-03	2.09135839e-02	8.32774555e+00	4.47030094e+02	0.00000000e+00
8.98259036e+01	4.10690516e-03	2.09141403e-02	8.32799224e+00	4.48009494e+02	0.00000000e+00
9.00222734e+01	4.29784724e-03	2.18865001e-02	8.32822796e+00	4.48988895e+02	0.00000000e+00
9.02186432e+01	3.91358539e-03	1.99296723e-02	8.32844544e+00	4.49968295e+02	0.00000000e+00
9.04150130e+01	3.88713528e-03	1.97949769e-02	8.32864202e+00	4.50947696e+02	0.00000000e+00
9.06113827e+01	4.21502440e-03	2.14647303e-02	8.32882409e+00	4.51927096e+02	0.00000000e+00
9.08077525e+01	3.96813493e-03	2.02074622e-02	8.32899768e+00	4.52906496e+02	0.00000000e+00
9.10041223e+01	4.06229206e-03	2.06869511e-02	8.32916867e+00	4.53885897e+02	0.00000000e+00
9.12004921e+01	4.08107997e-03	2.07826273e-02	8.32934259e+00	4.54865297e+02	0.00000000e+00
9.13968619e+01	3.41491612e-03	1.73902323e-02	8.32951778e+00	4.55844698e+02	0.00000000e+00
9.15932316e+01	3.71871914e-03	1.89373289e-02	8.32968878e+00	4.56824098e+02	0.00000000e+00
9.17896014e+01	4.14477006e-03	2.11069648e-02	8.32986105e+00	4.57803498e+02	0.00000000e+00
9.19859712e+01	3.46175760e-03	1.76287695e-02	8.33004049e+00	4.58782899e+02	0.00000000e+00
9.21823410e+01	3.97424965e-03	2.02386010e-02	8.33023284e+00	4.59762299e+02	0.00000000e+00
9.23787108e+01	3.74345809e-03	1.90633104e-02	8.33044803e+00	4.60741700e+02	0.00000000e+00
9.25750805e+01	4.11316495e-03	2.09460179e-02	8.33069039e+00	4.61721100e+02	0.00000000e+00
9.27714503e+01	4.28070778e-03	2.17992186e-02	8.33094504e+00	4.62700500e+02	0.00000000e+00
9.29678201e+01	4.22996317e-03	2.15408050e-02	8.33119608e+00	4.63679901e+02	0.00000000e+00
9.31641899e+01	3.87549344e-03	1.97356916e-02	8.33142821e+00	4.64659301e+02	0.00000000e+00
9.33605597e+01	3.84519467e-03	1.95813971e-02	8.33163202e+00	4.65638702e+02	0.00000000e+00
9.35569295e+01	3.94079152e-03	2.00682177e-02	8.33181811e+00	4.66618102e+02	0.00000000e+00
9.37532992e+01	4.57288823e-03	2.32871280e-02	8.33199370e+00	4.67597502e+02	0.00000000e+00
9.39496690e+01	4.17415218e-03	2.12565913e-02	8.33216496e+00	4.68576903e+02	0.00000000e+00
9.41460388e+01	4.13641829e-03	2.10644340e-02	8.33233757e+00	4.69556303e+02	0.00000000e+00
9.43424086e+01	3.89930885e-03	1.98569700e-02	8.33251557e+00	4.70535704e+02	0.00000000e+00
9.45387784e+01	3.65563865e-03	1.86160957e-02	8.33269474e+00	4.71515104e+02	0.00000000e+00
9.47351481e+01	3.56385638e-03	1.81487006e-02	8.33287411e+00	4.72494504e+02	0.00000000e+00
9.49315179e+01	3.80749895e-03	1.93894342e-02	8.33305360e+00	4.73473905e+02	0.00000000e+00
9.51278877e+01	3.84103317e-03	1.95602050e-02	8.33323313e+00	4.74453305e+02	0.00000000e+00
9.53242575e+01	3.97142454e-03	2.02242143e-02	8.33341264e+00	4.75432706e+02	0.00000000e+00
9.55206273e+01	3.61556329e-03	1.84120146e-02	8.33359211e+00	4.76412106e+02	0.00000000e+00
9.57169970e+01	3.60647586e-03	1.83657375e-02	8.33377155e+00	4.77391506e+02	0.00000000e+00
9.59133668e+01	4.27970427e-03	2.17941083e-02	8.33395094e+00	4.78370907e+02	0.00000000e+00
9.61097366e+01	4.11442071e-03	2.09524127e-02	8.33413027e+00	4.79350307e+02	0.00000000e+00
9.63061064e+01	3.92538982e-03	1.99897856e-02	8.33430952e+00	4.80329708e+02	0.00000000e+00
9.65024762e+01	3.94467616e-03	2.00879999e-02	8.33448873e+00	4.81309108e+02	0.00000000e+00
9.66988460e+01	3.83210106e-03	1.95147188e-02	8.33466799e+00	4.82288509e+02	0.00000000e+00
9.68952157e+01	3.53778258e-03	1.80159216e-02	8.33484738e+00	4.83267909e+02	0.00000000e+00
9.70915855e+01	3.53676787e-03	1.80107542e-02	8.33502700e+00	4.84247309e+02	0.00000000e+00
9.72879553e+01	3.63660089e-03	1.85191472e-02	8.33520733e+00	4.85226710e+02	0.00000000e+00
9.74843251e+01	3.97448727e-03	2.02398110e-02	8.33539511e+00	4.86206110e+02	0.00000000e+00
9.76806949e+01	4.17479332e-03	2.12598563e-02	8.33558647e+00	4.87185511e+02	0.00000000e+00
9.78770646e+01	3.82385931e-03	1.94727482e-02	8.33577306e+00	4.88164911e+02	0.00000000e+00
9.80734344e+01	3.56999968e-03	1.81799850e-02	8.33594637e+00	4.89144311e+02	0.00000000e+00
9.82698042e+01	3.91856714e-03	1.99550415e-02	8.33609911e+00	4.90123712e+02	0.00000000e+00
9.84661740e+01	3.92385742e-03	1.99819819e-02	8.33622768e+00	4.91103112e+02	0.00000000e+00
9.86625438e+01	4.01936362e-03	2.04683409e-02	8.33634050e+00	4.92082513e+02	0.00000000e+00
9.88589135e+01	4.21538617e-03	2.14665726e-02	8.33644899e+00	4.93061913e+02	0.00000000e+00
9.90552833e+01	3.61358010e-03	1.84019154e-02	8.33656385e+00	4.94041313e+02	0.00000000e+00
9.92516531e+01	3.91316905e-03	1.99275521e-02	8.33669563e+00	4.95020714e+02	0.00000000e+00
9.94480229e+01	3.71398700e-03	1.89132308e-02	8.33685441e+00	4.96000114e+02	0.00000000e+00
9.96443927e+01	3.59161857e-03	1.82900778e-02	8.33703524e+00	4.96979515e+02	0.00000000e+00
9.98407625e+01	3.59243319e-03	1.82942262e-02	8.33722648e+00	4.97958915e+02	0.00000000e+00
1.00037132e+02	3.91324454e-03	1.99279366e-02	8.33741679e+00	4.98938315e+02	0.00000000e+00
1.00233502e+02	3.90399131e-03	1.98808151e-02	8.33759494e+00	4.99917716e+02	0.00000000e+00
1.00429872e+02	3.73639228e-03	1.90273282e-02	8.33775862e+00	5.00897116e+02	0.00000000e+00
1.00626242e+02	4.21715419e-03	2.14755761e-02	8.33791648e+00	5.01876517e+02	0.00000000e+00
1.00822611e+02	4.07974145e-03	2.07758109e-02	8.33806968e+00	5.02855917e+02	0.00000000e+00
1.01018981e+02	3.75637300e-03	1.91290787e-02	8.33821924e+00	5.03835317e+02	0.00000000e+00
1.01215351e+02	3.98739661e-03	2.03055510e-02	8.33836613e+00	5.04814718e+02	0.00000000e+00
1.01411721e+02	3.70430663e-03	1.88639342e-02	8.33851132e+00	5.05794118e+02	0.00000000e+00
1.01608090e+02	3.25124607e-03	1.65567536e-02	8.33865573e+00	5.06773519e+02	0.00000000e+00
1.01804460e+02	3.60184885e-03	1.83421748e-02	8.33880028e+00	5.07752919e+02	0.00000000e+00
1.02000830e+02	3.80845886e-03	1.93943225e-02	8.33894584e+00	5.08732319e+02	0.00000000e+00
1.02197200e+02	3.61760435e-03	1.84224086e-02	8.33909328e+00	5.09711720e+02	0.00000000e+00
1.02393570e+02	3.55408435e-03	1.80989372e-02	8.33924346e+00	5.10691120e+02	0.00000000e+00
1.02589939e+02	3.49971823e-03	1.78220814e-02	8.33939634e+00	5.11670521e+02	0.00000000e+00
1.02786309e+02	3.28941133e-03	1.67511075e-02	8.33955093e+00	5.12649921e+02	0.00000000e+00
1.02982679e+02	3.46427933e-03	1.76416112e-02	8.33970621e+00	5.13629321e+02	0.00000000e+00
1.03179049e+02	3.54490644e-03	1.80521994e-02	8.33986116e+00	5.14608722e+02	0.00000000e+00
1.03375419e+02	3.65276345e-03	1.86014540e-02	8.34001481e+00	5.15588122e+02	0.00000000e+00
1.03571788e+02	3.63338874e-03	1.85027895e-02	8.34016620e+00	5.16567523e+02	0.00000000e+00
1.03768158e+02	3.82079721e-03	1.94571547e-02	8.34031440e+00	5.17546923e+02	0.00000000e+00
1.03964528e+02	3.99760647e-03	2.03575441e-02	8.34045851e+00	5.18526324e+02	0.00000000e+00
1.04160898e+02	3.73684187e-03	1.90296177e-02	8.34059765e+00	5.19505724e+02	0.00000000e+00
1.04357267e+02	3.61352641e-03	1.84016419e-02	8.34073114e+00	5.20485124e+02	0.00000000e+00
1.04553637e+02	3.66510357e-03	1.86642952e-02	8.34085954e+00	5.21464525e+02	0.00000000e+00
1.04750007e+02	3.57328500e-03	1.81967153e-02	8.34098377e+00	5.22443925e+02	0.00000000e+00
1.04946377e+02	3.52457637e-03	1.79486698e-02	8.34110464e+00	5.23423326e+02	0.00000000e+00
1.05142747e+02	3.70298315e-03	1.88571944e-02	8.34122301e+00	5.24402726e+02	0.00000000e+00
1.05339116e+02	3.58819491e-03	1.82726430e-02	8.34133967e+00	5.25382126e+02	0.00000000e+00
1.05535486e+02	3.12987440e-03	1.59386764e-02	8.34145538e+00	5.26361527e+02	0.00000000e+00
1.05731856e+02	3.11223292e-03	1.58488383e-02	8.34157087e+00	5.27340927e+02	0.00000000e+00
1.05928226e+02	3.49159356e-03	1.77807071e-02	8.34168689e+00	5.28320328e+02	0.00000000e+00
1.06124595e+02	3.65246264e-03	1.85999221e-02	8.34180414e+00	5.29299728e+02	0.00000000e+00
1.06320965e+02	3.88682043e-03	1.97933735e-02	8.34192323e+00	5.30279128e+02	0.00000000e+00
1.06517335e+02	3.70960515e-03	1.88909166e-02	8.34204296e+00	5.31258529e+02	0.00000000e+00
1.06713705e+02	3.68767211e-03	1.87792240e-02	8.34216275e+00	5.32237929e+02	0.00000000e+00
1.06910075e+02	3.54236131e-03	1.80392384e-02	8.34228258e+00	5.33217330e+02	0.00000000e+00
1.07106444e+02	3.38537676e-03	1.72398051e-02	8.34240246e+00	5.34196730e+02	0.00000000e+00
1.07302814e+02	3.63298363e-03	1.85007266e-02	8.34252235e+00	5.35176130e+02	0.00000000e+00
1.07499184e+02	3.82842090e-03	1.94959778e-02	8.34264226e+00	5.36155531e+02	0.00000000e+00
1.07695554e+02	3.56853982e-03	1.81725508e-02	8.34276216e+00	5.37134931e+02	0.00000000e+00
1.07891923e+02	3.27807164e-03	1.66933609e-02	8.34288205e+00	5.38114332e+02	0.00000000e+00
1.08088293e+02	3.45268847e-03	1.75825855e-02	8.34300192e+00	5.39093732e+02	0.00000000e+00
1.08284663e+02	3.24979904e-03	1.65493846e-02	8.34312175e+00	5.40073132e+02	0.00000000e+00
1.08481033e+02	3.52295265e-03	1.79404011e-02	8.34324156e+00	5.41052533e+02	0.00000000e+00
1.08677403e+02	3.53582303e-03	1.80059427e-02	8.34336135e+00	5.42031933e+02	0.00000000e+00
1.08873772e+02	3.39974399e-03	1.73129693e-02	8.34348115e+00	5.43011334e+02	0.00000000e+00
1.09070142e+02	3.33865735e-03	1.70018896e-02	8.34360096e+00	5.43990734e+02	0.00000000e+00
1.09266512e+02	3.45769430e-03	1.76080773e-02	8.34372079e+00	5.44970134e+02	0.00000000e+00
1.09462882e+02	3.76438794e-03	1.91698942e-02	8.34384065e+00	5.45949535e+02	0.00000000e+00
1.09659252e+02	3.90559384e-03	1.98889759e-02	8.34396055e+00	5.46928935e+02	0.00000000e+00
1.09855621e+02	3.53605833e-03	1.80071409e-02	8.34408050e+00	5.47908336e+02	0.00000000e+00
1.10051991e+02	2.95983325e-03	1.50727532e-02	8.34420050e+00	5.48887736e+02	0.00000000e+00
1.10248361e+02	3.52013147e-03	1.79260345e-02	8.34432056e+00	5.49867136e+02	0.00000000e+00
1.10444731e+02	3.59149200e-03	1.82894332e-02	8.34444191e+00	5.50846537e+02	0.00000000e+00
1.10641100e+02	3.38806120e-03	1.72534754e-02	8.34456571e+00	5.51825937e+02	0.00000000e+00
1.10837470e+02	3.62627731e-03	1.84665751e-02	8.34469104e+00	5.52805338e+02	0.00000000e+00
1.11033840e+02	3.53517337e-03	1.80026343e-02	8.34481681e+00	5.53784738e+02	0.00000000e+00
1.11230210e+02	3.41359192e-03	1.73834890e-02	8.34494201e+00	5.54764139e+02	0.00000000e+00
1.11426580e+02	3.42316320e-03	1.74322300e-02	8.34506560e+00	5.55743539e+02	0.00000000e+00
1.11622949e+02	3.56427177e-03	1.81508160e-02	8.34518671e+00	5.56722939e+02	0.00000000e+00
1.11819319e+02	3.52033933e-03	1.79270930e-02	8.34530421e+00	5.57702340e+02	0.00000000e+00
1.12015689e+02	3.14931374e-03	1.60376699e-02	8.34541741e+00	5.58681740e+02	0.00000000e+00
1.12212059e+02	3.22572726e-03	1.64268007e-02	8.34552521e+00	5.59661141e+02	0.00000000e+00
1.12408428e+02	3.27552772e-03	1.66804062e-02	8.34562682e+00	5.60640541e+02	0.00000000e+00
1.12604798e+02	3.30076755e-03	1.68089384e-02	8.34572170e+00	5.61619941e+02	0.00000000e+00
1.12801168e+02	3.29186525e-03	1.67636040e-02	8.34581157e+00	5.62599342e+02	0.00000000e+00
1.12997538e+02	3.40628619e-03	1.73462850e-02	8.34589780e+00	5.63578742e+02	0.00000000e+00
1.13193908e+02	3.40148417e-03	1.73218310e-02	8.34598207e+00	5.64558143e+02	0.00000000e+00
1.13390277e+02	3.59529796e-03	1.83088148e-02	8.34606576e+00	5.65537543e+02	0.00000000e+00
1.13586647e+02	3.62144259e-03	1.84419546e-02	8.34615033e+00	5.66516943e+02	0.00000000e+00
1.13783017e+02	3.65275586e-03	1.86014153e-02	8.34623731e+00	5.67496344e+02	0.00000000e+00
1.13979387e+02	3.55739588e-03	1.81158010e-02	8.34632798e+00	5.68475744e+02	0.00000000e+00
1.14175756e+02	3.55561474e-03	1.81067306e-02	8.34642384e+00	5.69455145e+02	0.00000000e+00
1.14372126e+02	3.36942755e-03	1.71585848e-02	8.34652656e+00	5.70434545e+02	0.00000000e+00
1.14568496e+02	3.45866717e-03	1.76130316e-02	8.34663787e+00	5.71413945e+02	0.00000000e+00
1.14764866e+02	3.37783615e-03	1.72014050e-02	8.34675672e+00	5.72393346e+02	0.00000000e+00
1.14961236e+02	3.38420138e-03	1.72338196e-02	8.34688067e+00	5.73372746e+02	0.00000000e+00
1.15157605e+02	3.41417924e-03	1.73864798e-02	8.34700793e+00	5.74352147e+02	0.00000000e+00
1.15353975e+02	3.32739017e-03	1.69445123e-02	8.34713635e+00	5.75331547e+02	0.00000000e+00
1.15550345e+02	3.31131939e-03	1.68626729e-02	8.34726400e+00	5.76310947e+02	0.00000000e+00
1.15746715e+02	3.42546214e-03	1.74439372e-02	8.34738885e+00	5.77290348e+02	0.00000000e+00
1.15943085e+02	3.44588295e-03	1.75479289e-02	8.34750918e+00	5.78269748e+02	0.00000000e+00
1.16139454e+02	3.33754661e-03	1.69962333e-02	8.34762293e+00	5.79249149e+02	0.00000000e+00
1.16335824e+02	3.46354194e-03	1.76378561e-02	8.34772866e+00	5.80228549e+02	0.00000000e+00
1.16532194e+02	3.42229072e-03	1.74277870e-02	8.34782828e+00	5.81207949e+02	0.00000000e+00
1.16728564e+02	3.50949053e-03	1.78718462e-02	8.34792352e+00	5.82187350e+02	0.00000000e+00
1.16924933e+02	3.41682063e-03	1.73999309e-02	8.34801534e+00	5.83166750e+02	0.00000000e+00
1.17121303e+02	3.31153755e-03	1.68637839e-02	8.34810455e+00	5.84146151e+02	0.00000000e+00
1.17317673e+02	3.17849877e-03	1.61862928e-02	8.34819186e+00	5.85125551e+02	0.00000000e+00
1.17514043e+02	3.45551715e-03	1.75969904e-02	8.34827804e+00	5.86104951e+02	0.00000000e+00
1.17710413e+02	3.33969859e-03	1.70071921e-02	8.34836384e+00	5.87084352e+02	0.00000000e+00
1.17906782e+02	3.23631413e-03	1.64807136e-02	8.34844994e+00	5.88063752e+02	0.00000000e+00
1.18103152e+02	3.11656816e-03	1.58709152e-02	8.34853711e+00	5.89043153e+02	0.00000000e+00
1.18299522e+02	3.31270692e-03	1.68697388e-02	8.34862595e+00	5.90022553e+02	0.00000000e+00
1.18495892e+02	3.44013363e-03	1.75186508e-02	8.34871584e+00	5.91001954e+02	0.00000000e+00
1.18692261e+02	3.35018231e-03	1.70605797e-02	8.34880580e+00	5.91981354e+02	0.00000000e+00
1.18888631e+02	3.27902940e-03	1.66982383e-02	8.34889582e+00	5.92960754e+02	0.00000000e+00
1.19085001e+02	3.14985102e-03	1.60404060e-02	8.34898586e+00	5.93940155e+02	0.00000000e+00
1.19281371e+02	3.06939037e-03	1.56306655e-02	8.34907593e+00	5.94919555e+02	0.00000000e+00
1.19477741e+02	2.90014890e-03	1.47688147e-02	8.34916600e+00	5.95898956e+02	0.00000000e+00
1.19674110e+02	3.15570864e-03	1.60702355e-02	8.34925608e+00	5.96878356e+02	0.00000000e+00
1.19870480e+02	3.31664647e-03	1.68898007e-02	8.34934614e+00	5.97857756e+02	0.00000000e+00
1.20066850e+02	3.18383256e-03	1.62134547e-02	8.34943619e+00	5.98837157e+02	0.00000000e+00
1.20263220e+02	3.32938129e-03	1.69546519e-02	8.34952621e+00	5.99816557e+02	0.00000000e+00
1.20459589e+02	3.15447626e-03	1.60639597e-02	8.34961620e+00	6.00795958e+02	0.00000000e+00
1.20655959e+02	3.11261065e-03	1.58507619e-02	8.34970618e+00	6.01775358e+02	0.00000000e+00
1.20852329e+02	3.01431072e-03	1.53501761e-02	8.34979615e+00	6.02754758e+02	0.00000000e+00
1.21048699e+02	3.10000366e-03	1.57865617e-02	8.34988614e+00	6.03734159e+02	0.00000000e+00
1.21245069e+02	3.14207589e-03	1.60008117e-02	8.34997613e+00	6.04713559e+02	0.00000000e+00
1.21441438e+02	3.22753216e-03	1.64359920e-02	8.35006615e+00	6.05692960e+02	0.00000000e+00
1.21637808e+02	3.16632869e-03	1.61243175e-02	8.35015620e+00	6.06672360e+02	0.00000000e+00
1.21834178e+02	3.06288995e-03	1.55975625e-02	8.35024629e+00	6.07651760e+02	0.00000000e+00
1.22030548e+02	3.11383542e-03	1.58569990e-02	8.35033642e+00	6.08631161e+02	0.00000000e+00
1.22226918e+02	3.06788428e-03	1.56229959e-02	8.35042661e+00	6.09610561e+02	0.00000000e+00
1.22423287e+02	2.96386486e-03	1.50932839e-02	8.35051754e+00	6.10589962e+02	0.00000000e+00
1.22619657e+02	2.71340116e-03	1.38178142e-02	8.35061108e+00	6.11569362e+02	0.00000000e+00
1.22816027e+02	2.96948575e-03	1.51219079e-02	8.35070648e+00	6.12548762e+02	0.00000000e+00
1.23012397e+02	3.01340125e-03	1.53455446e-02	8.35080265e+00	6.13528163e+02	0.00000000e+00
1.23208766e+02	2.92867872e-03	1.49141008e-02	8.35089850e+00	6.14507563e+02	0.00000000e+00
1.23405136e+02	3.11134364e-03	1.58443098e-02	8.35099300e+00	6.15486964e+02	0.00000000e+00
1.23601506e+02	3.12480934e-03	1.59128829e-02	8.35108509e+00	6.16466364e+02	0.00000000e+00
1.23797876e+02	3.21389010e-03	1.63665207e-02	8.35117379e+00	6.17445764e+02	0.00000000e+00
1.23994246e+02	3.22700426e-03	1.64333037e-02	8.35125808e+00	6.18425165e+02	0.00000000e+00
1.24190615e+02	3.12463332e-03	1.59119866e-02	8.35133703e+00	6.19404565e+02	0.00000000e+00
1.24386985e+02	3.21021515e-03	1.63478063e-02	8.35140975e+00	6.20383966e+02	0.00000000e+00
1.24583355e+02	3.06404596e-03	1.56034495e-02	8.35147599e+00	6.21363366e+02	0.00000000e+00
1.24779725e+02	2.98058546e-03	1.51784325e-02	8.35153705e+00	6.22342766e+02	0.00000000e+00
1.24976094e+02	3.06931663e-03	1.56302900e-02	8.35159441e+00	6.23322167e+02	0.00000000e+00
1.25172464e+02	3.10134244e-03	1.57933793e-02	8.35164950e+00	6.24301567e+02	0.00000000e+00
1.25368834e+02	3.06029736e-03	1.55843600e-02	8.35170369e+00	6.25280968e+02	0.00000000e+00
1.25565204e+02	2.81323744e-03	1.43262238e-02	8.35175836e+00	6.26260368e+02	0.00000000e+00
1.25761574e+02	2.93914101e-03	1.49673793e-02	8.35181485e+00	6.27239769e+02	0.00000000e+00
1.25957943e+02	3.02596795e-03	1.54095398e-02	8.35187448e+00	6.28219169e+02	0.00000000e+00
1.26154313e+02	2.96602412e-03	1.51042798e-02	8.35193859e+00	6.29198569e+02	0.00000000e+00
1.26350683e+02	2.87056197e-03	1.46181452e-02	8.35200856e+00	6.30177970e+02	0.00000000e+00
1.26547053e+02	2.94909841e-03	1.50180868e-02	8.35208735e+00	6.31157370e+02	0.00000000e+00
1.26743422e+02	3.06383902e-03	1.56023956e-02	8.35217438e+00	6.32136771e+02	0.00000000e+00
1.26939792e+02	3.01350631e-03	1.53460797e-02	8.35226749e+00	6.33116171e+02	0.00000000e+00
1.27136162e+02	3.04950241e-03	1.55293874e-02	8.35236454e+00	6.34095571e+02	0.00000000e+00
1.27332532e+02	3.15982169e-03	1.60911810e-02	8.35246341e+00	6.35074972e+02	0.00000000e+00
1.27528902e+02	2.77976265e-03	1.41557557e-02	8.35256198e+00	6.36054372e+02	0.00000000e+00
1.27725271e+02	2.97874596e-03	1.51690649e-02	8.35265819e+00	6.37033773e+02	0.00000000e+00
1.27921641e+02	3.05119967e-03	1.55380306e-02	8.35275003e+00	6.38013173e+02	0.00000000e+00
1.28118011e+02	2.70878484e-03	1.37943059e-02	8.35283554e+00	6.38992573e+02	0.00000000e+00
1.28314381e+02	2.80431875e-03	1.42808060e-02	8.35291291e+00	6.39971974e+02	0.00000000e+00
1.28510751e+02	2.62199118e-03	1.33523150e-02	8.35298321e+00	6.40951374e+02	0.00000000e+00
1.28707120e+02	2.96326663e-03	1.50902374e-02	8.35304921e+00	6.41930775e+02	0.00000000e+00
1.28903490e+02	3.04753976e-03	1.55193928e-02	8.35311179e+00	6.42910175e+02	0.00000000e+00
1.29099860e+02	2.74241957e-03	1.39655886e-02	8.35317170e+00	6.43889575e+02	0.00000000e+00
1.29296230e+02	2.60827996e-03	1.32824916e-02	8.35322966e+00	6.44868976e+02	0.00000000e+00
1.29492599e+02	2.69967079e-03	1.37478932e-02	8.35328635e+00	6.45848376e+02	0.00000000e+00
1.29688969e+02	3.03678396e-03	1.54646196e-02	8.35334252e+00	6.46827777e+02	0.00000000e+00
1.29885339e+02	3.03783491e-03	1.54699715e-02	8.35339883e+00	6.47807177e+02	0.00000000e+00
1.30081709e+02	2.75779509e-03	1.40438874e-02	8.35345594e+00	6.48786577e+02	0.00000000e+00
1.30278079e+02	2.62770744e-03	1.33814247e-02	8.35351446e+00	6.49765978e+02	0.00000000e+00
1.30474448e+02	2.74683092e-03	1.39880530e-02	8.35357434e+00	6.50745378e+02	0.00000000e+00
1.30670818e+02	2.54341849e-03	1.29521888e-02	8.35363438e+00	6.51724779e+02	0.00000000e+00
1.30867188e+02	2.79659189e-03	1.42414575e-02	8.35369447e+00	6.52704179e+02	0.00000000e+00
1.31063558e+02	2.92401793e-03	1.48903661e-02	8.35375458e+00	6.53683579e+02	0.00000000e+00
1.31259927e+02	2.82037117e-03	1.43625519e-02	8.35381471e+00	6.54662980e+02	0.00000000e+00
1.31456297e+02	3.07513913e-03	1.56599407e-02	8.35387485e+00	6.55642380e+02	0.00000000e+00
1.31652667e+02	2.68009616e-03	1.36482108e-02	8.35393497e+00	6.56621781e+02	0.00000000e+00
1.31849037e+02	2.86318612e-03	1.45805842e-02	8.35399509e+00	6.57601181e+02	0.00000000e+00
1.32045407e+02	2.74347506e-03	1.39709636e-02	8.35405517e+00	6.58580582e+02	0.00000000e+00
1.32241776e+02	2.59917289e-03	1.32361144e-02	8.35411522e+00	6.59559982e+02	0.00000000e+00
1.32438146e+02	2.75483720e-03	1.40288245e-02	8.35417483e+00	6.60539382e+02	0.00000000e+00
1.32634516e+02	2.82369999e-03	1.43795037e-02	8.35423280e+00	6.61518783e+02	0.00000000e+00
1.32830886e+02	2.81638167e-03	1.43422356e-02	8.35428945e+00	6.62498183e+02	0.00000000e+00
1.33027255e+02	2.79523069e-03	1.42345256e-02	8.35434558e+00	6.63477584e+02	0.00000000e+00
1.33223625e+02	2.95450318e-03	1.50456102e-02	8.35440186e+00	6.64456984e+02	0.00000000e+00
1.33419995e+02	2.59595969e-03	1.32197514e-02	8.35445895e+00	6.65436384e+02	0.00000000e+00
1.33616365e+02	2.53608288e-03	1.29148327e-02	8.35451757e+00	6.66415785e+02	0.00000000e+00
1.33812735e+02	2.54345803e-03	1.29523902e-02	8.35457844e+00	6.67395185e+02	0.00000000e+00
1.34009104e+02	2.63115944e-03	1.33990038e-02	8.35464214e+00	6.68374586e+02	0.00000000e+00
1.34205474e+02	2.85696367e-03	1.45488967e-02	8.35470928e+00	6.69353986e+02	0.00000000e+00
1.34401844e+02	2.78766781e-03	1.41960122e-02	8.35478110e+00	6.70333386e+02	0.00000000e+00
1.34598214e+02	2.86090556e-03	1.45689706e-02	8.35486152e+00	6.71312787e+02	0.00000000e+00
1.34794584e+02	2.95461810e-03	1.50461954e-02	8.35494959e+00	6.72292187e+02	0.00000000e+00
1.34990953e+02	2.74805686e-03	1.39942961e-02	8.35504331e+00	6.73271588e+02	0.00000000e+00
1.35187323e+02	2.86027953e-03	1.45657825e-02	8.35514076e+00	6.74250988e+02	0.00000000e+00
1.35383693e+02	2.86660240e-03	1.45979813e-02	8.35523969e+00	6.75230388e+02	0.00000000e+00
1.35580063e+02	2.67546107e-03	1.36246069e-02	8.35533800e+00	6.76209789e+02	0.00000000e+00
1.35776432e+02	2.56108995e-03	1.30421796e-02	8.35543383e+00	6.77189189e+02	0.00000000e+00
1.35972802e+02	2.72629234e-03	1.38834617e-02	8.35552485e+00	6.78168590e+02	0.00000000e+00
1.36169172e+02	2.53089987e-03	1.28884386e-02	8.35560924e+00	6.79147990e+02	0.00000000e+00
1.36365542e+02	2.64727196e-03	1.34810557e-02	8.35568576e+00	6.80127390e+02	0.00000000e+00
1.36561912e+02	2.84642947e-03	1.44952520e-02	8.35575769e+00	6.81106791e+02	0.00000000e+00
1.36758281e+02	2.65039883e-03	1.34969791e-02	8.35582815e+00	6.82086191e+02	0.00000000e+00
1.36954651e+02	2.67984469e-03	1.36469302e-02	8.35589678e+00	6.83065592e+02	0.00000000e+00
1.37151021e+02	2.75581178e-03	1.40337875e-02	8.35596313e+00	6.84044992e+02	0.00000000e+00
1.37347391e+02	2.67191130e-03	1.36065299e-02	8.35602649e+00	6.85024392e+02	0.00000000e+00
1.37543760e+02	2.77991699e-03	1.41565417e-02	8.35608672e+00	6.86003793e+02	0.00000000e+00
1.37740130e+02	3.17752886e-03	1.61813536e-02	8.35614337e+00	6.86983193e+02	0.00000000e+00
1.37936500e+02	2.90904678e-03	1.48141265e-02	8.35619567e+00	6.87962594e+02	0.00000000e+00
1.38132870e+02	2.62269558e-03	1.33559021e-02	8.35624369e+00	6.88941994e+02	0.00000000e+00
1.38329240e+02	2.73559502e-03	1.39308350e-02	8.35628681e+00	6.89921394e+02	0.00000000e+00
1.38525609e+02	2.74472810e-03	1.39773446e-02	8.35632442e+00	6.90900795e+02	0.00000000e+00
1.38721979e+02	2.83268659e-03	1.44252673e-02	8.35635742e+00	6.91880195e+02	0.00000000e+00
1.38918349e+02	3.09053499e-03	1.57383431e-02	8.35638651e+00	6.92859596e+02	0.00000000e+00
1.39114719e+02	2.76793068e-03	1.40955022e-02	8.35641325e+00	6.93838996e+02	0.00000000e+00
1.39311088e+02	2.61949121e-03	1.33395841e-02	8.35643866e+00	6.94818397e+02	0.00000000e+00
1.39507458e+02	2.72612983e-03	1.38826341e-02	8.35646394e+00	6.95797797e+02	0.00000000e+00
1.39703828e+02	2.44406457e-03	1.24462356e-02	8.35649013e+00	6.96777197e+02	0.00000000e+00
1.39900198e+02	2.47260881e-03	1.25915953e-02	8.35651854e+00	6.97756598e+02	0.00000000e+00
1.40096568e+02	2.42744205e-03	1.23615866e-02	8.35655007e+00	6.98735998e+02	0.00000000e+00
1.40292937e+02	2.57701648e-03	1.31232843e-02	8.35658589e+00	6.99715399e+02	0.00000000e+00
1.40489307e+02	2.53107169e-03	1.28893136e-02	8.35662775e+00	7.00694799e+02	0.00000000e+00
1.40685677e+02	2.63495258e-03	1.34183201e-02	8.35667610e+00	7.01674199e+02	0.00000000e+00
1.40882047e+02	2.42309835e-03	1.23394666e-02	8.35673093e+00	7.02653600e+02	0.00000000e+00
1.41078417e+02	2.31245276e-03	1.17760113e-02	8.35679013e+00	7.03633000e+02	0.00000000e+00
1.41274786e+02	2.32478395e-03	1.18388071e-02	8.35685307e+00	7.04612401e+02	0.00000000e+00
1.41471156e+02	2.37441783e-03	1.20915643e-02	8.35691834e+00	7.05591801e+02	0.00000000e+00
1.41667526e+02	2.13813736e-03	1.08883217e-02	8.35698485e+00	7.06571201e+02	0.00000000e+00
1.41863896e+02	2.18572426e-03	1.11306548e-02	8.35705142e+00	7.07550602e+02	0.00000000e+00
1.42060265e+02	2.11927135e-03	1.07922479e-02	8.35711705e+00	7.08530002e+02	0.00000000e+00
1.42256635e+02	2.30788804e-03	1.17527658e-02	8.35718031e+00	7.09509403e+02	0.00000000e+00
1.42453005e+02	2.64396518e-03	1.34642162e-02	8.35724112e+00	7.10488803e+02	0.00000000e+00
1.42649375e+02	2.48865158e-03	1.26732920e-02	8.35730127e+00	7.11468203e+02	0.00000000e+00
1.42845745e+02	2.47543716e-03	1.26059984e-02	8.35736140e+00	7.12447604e+02	0.00000000e+00
1.43042114e+02	2.36410753e-03	1.20390597e-02	8.35742150e+00	7.13427004e+02	0.00000000e+00
1.43238484e+02	2.49977970e-03	1.27299612e-02	8.35748160e+00	7.14406405e+02	0.00000000e+00
1.43434854e+02	2.29137224e-03	1.16686601e-02	8.35754169e+00	7.15385805e+02	0.00000000e+00
1.43631224e+02	2.22152651e-03	1.13129754e-02	8.35760180e+00	7.16365205e+02	0.00000000e+00
1.43827593e+02	2.12405301e-03	1.08165982e-02	8.35766193e+00	7.17344606e+02	0.00000000e+00
1.44023963e+02	2.07086020e-03	1.05457173e-02	8.35772209e+00	7.18324006e+02	0.00000000e+00
1.44220333e+02	1.95724583e-03	9.96714371e-03	8.35778228e+00	7.19303407e+02	0.00000000e+00
1.44416703e+02	2.22744561e-03	1.13431181e-02	8.35784289e+00	7.20282807e+02	0.00000000e+00
1.44613073e+02	2.44372958e-03	1.24445297e-02	8.35790579e+00	7.21262207e+02	0.00000000e+00
1.44809442e+02	2.32404883e-03	1.18350635e-02	8.35797134e+00	7.22241608e+02	0.00000000e+00
1.45005812e+02	2.25401026e-03	1.14783967e-02	8.35803807e+00	7.23221008e+02	0.00000000e+00
1.45202182e+02	2.21364585e-03	1.12728437e-02	8.35810484e+00	7.24200409e+02	0.00000000e+00
1.45398552e+02	2.43218418e-03	1.23857355e-02	8.35817056e+00	7.25179809e+02	0.00000000e+00
1.45594922e+02	2.18017049e-03	1.11023726e-02	8.35823380e+00	7.26159209e+02	0.00000000e+00
1.45791291e+02	2.29465204e-03	1.16853623e-02	8.35829383e+00	7.27138610e+02	0.00000000e+00
1.45987661e+02	2.29330501e-03	1.16785027e-02	8.35834907e+00	7.28118010e+02	0.00000000e+00
1.46184031e+02	2.37215137e-03	1.20800225e-02	8.35839895e+00	7.29097411e+02	0.00000000e+00
1.46380401e+02	2.44710381e-03	1.24617128e-02	8.35844212e+00	7.30076811e+02	0.00000000e+00
1.46576770e+02	2.61812382e-03	1.33326207e-02	8.35847906e+00	7.31056212e+02	0.00000000e+00
1.46773140e+02	2.75877930e-03	1.40488994e-02	8.35851136e+00	7.32035612e+02	0.00000000e+00
1.46969510e+02	2.84373382e-03	1.44815246e-02	8.35854001e+00	7.33015012e+02	0.00000000e+00
1.47165880e+02	3.12518727e-03	1.59148075e-02	8.35856654e+00	7.33994413e+02	0.00000000e+00
1.47362250e+02	2.75008890e-03	1.40046441e-02	8.35859182e+00	7.34973813e+02	0.00000000e+00
1.47558619e+02	2.74725487e-03	1.39902120e-02	8.35861714e+00	7.35953214e+02	0.00000000e+00
1.47754989e+02	2.64932424e-03	1.34915068e-02	8.35864370e+00	7.36932614e+02	0.00000000e+00
1.47951359e+02	2.59254274e-03	1.32023508e-02	8.35867248e+00	7.37912014e+02	0.00000000e+00
1.48147729e+02	2.37729229e-03	1.21062023e-02	8.35870460e+00	7.38891415e+02	0.00000000e+00
1.48344098e+02	2.36491735e-03	1.20431837e-02	8.35874153e+00	7.39870815e+02	0.00000000e+00
1.48540468e+02	2.61492905e-03	1.33163516e-02	8.35878545e+00	7.40850216e+02	0.00000000e+00
1.48736838e+02	2.57016028e-03	1.30883696e-02	8.35884000e+00	7.41829616e+02	0.00000000e+00
1.48933208e+02	2.43836708e-03	1.24172215e-02	8.35890144e+00	7.42809016e+02	0.00000000e+00
1.49129578e+02	2.54766334e-03	1.29738055e-02	8.35896821e+00	7.43788417e+02	0.00000000e+00
1.49325947e+02	2.77724568e-03	1.41429382e-02	8.35903775e+00	7.44767817e+02	0.00000000e+00
1.49522317e+02	2.80134989e-03	1.42656873e-02	8.35910770e+00	7.45747218e+02	0.00000000e+00
1.49718687e+02	2.81372810e-03	1.43287225e-02	8.35917559e+00	7.46726618e+02	0.00000000e+00
1.49915057e+02	3.01463773e-03	1.53518414e-02	8.35923962e+00	7.47706018e+02	0.00000000e+00
1.50111426e+02	2.55365185e-03	1.30043015e-02	8.35929680e+00	7.48685419e+02	0.00000000e+00
1.50307796e+02	2.48880335e-03	1.26740649e-02	8.35934563e+00	7.49664819e+02	0.00000000e+00
1.50504166e+02	2.60899251e-03	1.32861202e-02	8.35938578e+00	7.50644220e+02	0.00000000e+00
1.50700536e+02	2.46311672e-03	1.25432574e-02	8.35941965e+00	7.51623620e+02	0.00000000e+00
1.50896906e+02	2.44539235e-03	1.24529973e-02	8.35944981e+00	7.52603020e+02	0.00000000e+00
1.51093275e+02	2.50068158e-03	1.27345540e-02	8.35947712e+00	7.53582421e+02	0.00000000e+00
1.51289645e+02	2.65840033e-03	1.35377262e-02	8.35950275e+00	7.54561821e+02	0.00000000e+00
1.51486015e+02	2.69879702e-03	1.37434437e-02	8.35952794e+00	7.55541222e+02	0.00000000e+00
1.51682385e+02	2.78070778e-03	1.41605687e-02	8.35955385e+00	7.56520622e+02	0.00000000e+00
1.51878755e+02	2.81532190e-03	1.43368388e-02	8.35958159e+00	7.57500022e+02	0.00000000e+00
1.52075124e+02	2.61183398e-03	1.33005901e-02	8.35961204e+00	7.58479423e+02	0.00000000e+00
1.52271494e+02	2.47719122e-03	1.26149309e-02	8.35964683e+00	7.59458823e+02	0.00000000e+00
1.52467864e+02	2.30243400e-03	1.17249914e-02	8.35968762e+00	7.60438224e+02	0.00000000e+00
1.52664234e+02	2.19659219e-03	1.11859990e-02	8.35973720e+00	7.61417624e+02	0.00000000e+00
1.52860603e+02	2.16370036e-03	1.10184996e-02	8.35979611e+00	7.62397024e+02	0.00000000e+00
1.53056973e+02	2.18709875e-03	1.11376543e-02	8.35986090e+00	7.63376425e+02	0.00000000e+00
1.53253343e+02	2.35263428e-03	1.19806330e-02	8.35992933e+00	7.64355825e+02	0.00000000e+00
1.53449713e+02	2.67860287e-03	1.36406062e-02	8.35999937e+00	7.65335226e+02	0.00000000e+00
1.53646083e+02	2.46760936e-03	1.25661359e-02	8.36006848e+00	7.66314626e+02	0.00000000e+00
1.53842452e+02	2.63348360e-03	1.34108394e-02	8.36013471e+00	7.67294027e+02	0.00000000e+00
1.54038822e+02	2.30551914e-03	1.17407023e-02	8.36019481e+00	7.68273427e+02	0.00000000e+00
1.54235192e+02	2.44798578e-03	1.24662041e-02	8.36024765e+00	7.69252827e+02	0.00000000e+00
1.54431562e+02	2.30037269e-03	1.17144943e-02	8.36029164e+00	7.70232228e+02	0.00000000e+00
1.54627931e+02	2.54079288e-03	1.29388181e-02	8.36032905e+00	7.71211628e+02	0.00000000e+00
1.54824301e+02	2.53416269e-03	1.29050543e-02	8.36036326e+00	7.72191029e+02	0.00000000e+00
1.55020671e+02	2.50619780e-03	1.27626450e-02	8.36039492e+00	7.73170429e+02	0.00000000e+00
1.55217041e+02	2.57573406e-03	1.31167537e-02	8.36042437e+00	7.74149829e+02	0.00000000e+00
1.55413411e+02	2.44711636e-03	1.24617767e-02	8.36045234e+00	7.75129230e+02	0.00000000e+00
1.55609780e+02	2.30653615e-03	1.17458814e-02	8.36047947e+00	7.76108630e+02	0.00000000e+00
1.55806150e+02	2.69271121e-03	1.37124520e-02	8.36050628e+00	7.77088031e+02	0.00000000e+00
1.56002520e+02	2.18430516e-03	1.11234282e-02	8.36053335e+00	7.78067431e+02	0.00000000e+00
1.56198890e+02	2.30119515e-03	1.17186826e-02	8.36056122e+00	7.79046831e+02	0.00000000e+00
1.56395259e+02	2.54531353e-03	1.29618392e-02	8.36059031e+00	7.80026232e+02	0.00000000e+00
1.56591629e+02	2.42681607e-03	1.23583988e-02	8.36061926e+00	7.81005632e+02	0.00000000e+00
1.56787999e+02	2.46596678e-03	1.25577712e-02	8.36064693e+00	7.81985033e+02	0.00000000e+00
1.56984369e+02	2.43282531e-03	1.23890005e-02	8.36067389e+00	7.82964433e+02	0.00000000e+00
1.57180739e+02	2.71565369e-03	1.38292851e-02	8.36070067e+00	7.83943833e+02	0.00000000e+00
1.57377108e+02	2.59589031e-03	1.32193981e-02	8.36072785e+00	7.84923234e+02	0.00000000e+00
1.57573478e+02	2.65144100e-03	1.35022863e-02	8.36075605e+00	7.85902634e+02	0.00000000e+00
1.57769848e+02	2.45668595e-03	1.25105092e-02	8.36078574e+00	7.86882035e+02	0.00000000e+00
1.57966218e+02	2.71620370e-03	1.38320860e-02	8.36081742e+00	7.87861435e+02	0.00000000e+00
1.58162588e+02	2.59546145e-03	1.32172141e-02	8.36085189e+00	7.88840835e+02	0.00000000e+00
1.58358957e+02	2.57508028e-03	1.31134244e-02	8.36088985e+00	7.89820236e+02	0.00000000e+00
1.58555327e+02	2.44430414e-03	1.24474556e-02	8.36093403e+00	7.90799636e+02	0.00000000e+00
1.58751697e+02	2.41146023e-03	1.22802002e-02	8.36098725e+00	7.91779037e+02	0.00000000e+00
1.58948067e+02	2.59996666e-03	1.32401566e-02	8.36104857e+00	7.92758437e+02	0.00000000e+00
1.59144436e+02	2.40626558e-03	1.22537468e-02	8.36111521e+00	7.93737837e+02	0.00000000e+00
1.59340806e+02	2.52382159e-03	1.28523929e-02	8.36118456e+00	7.94717238e+02	0.00000000e+00
1.59537176e+02	2.50044391e-03	1.27333436e-02	8.36125452e+00	7.95696638e+02	0.00000000e+00
1.59733546e+02	2.33404256e-03	1.18859559e-02	8.36132267e+00	7.96676039e+02	0.00000000e+00
1.59929916e+02	2.51899338e-03	1.28278056e-02	8.36138657e+00	7.97655439e+02	0.00000000e+00
1.60126285e+02	2.49077310e-03	1.26840957e-02	8.36144436e+00	7.98634839e+02	0.00000000e+00
1.60322655e+02	2.44372263e-03	1.24444943e-02	8.36149406e+00	7.99614240e+02	0.00000000e+00
1.60519025e+02	2.35049721e-03	1.19697501e-02	8.36153500e+00	8.00593640e+02	0.00000000e+00
1.60715395e+02	2.49724563e-03	1.27170567e-02	8.36157107e+00	8.01573041e+02	0.00000000e+00
1.60911764e+02	2.40762609e-03	1.22606751e-02	8.36160418e+00	8.02552441e+02	0.00000000e+00
1.61108134e+02	2.57871005e-03	1.31319087e-02	8.36163491e+00	8.03531842e+02	0.00000000e+00
1.61304504e+02	2.42236853e-03	1.23357500e-02	8.36166383e+00	8.04511242e+02	0.00000000e+00
1.61500874e+02	2.42269551e-03	1.23374151e-02	8.36169147e+00	8.05490642e+02	0.00000000e+00
1.61697244e+02	2.50949309e-03	1.27794260e-02	8.36171840e+00	8.06470043e+02	0.00000000e+00
1.61893613e+02	2.37374806e-03	1.20881535e-02	8.36174527e+00	8.07449443e+02	0.00000000e+00
1.62089983e+02	2.41508646e-03	1.22986665e-02	8.36177260e+00	8.08428844e+02	0.00000000e+00
1.62286353e+02	2.59063396e-03	1.31926305e-02	8.36180092e+00	8.09408244e+02	0.00000000e+00
1.62482723e+02	2.56760526e-03	1.30753583e-02	8.36183055e+00	8.10387644e+02	0.00000000e+00
1.62679092e+02	2.77234131e-03	1.41179630e-02	8.36186060e+00	8.11367045e+02	0.00000000e+00
1.62875462e+02	2.75800759e-03	1.40449695e-02	8.36189067e+00	8.12346445e+02	0.00000000e+00
1.63071832e+02	2.45632571e-03	1.25086747e-02	8.36192077e+00	8.13325846e+02	0.00000000e+00
1.63268202e+02	2.42235626e-03	1.23356875e-02	8.36195087e+00	8.14305246e+02	0.00000000e+00
1.63464572e+02	2.13595444e-03	1.08772054e-02	8.36198099e+00	8.15284646e+02	0.00000000e+00
1.63660941e+02	2.24326485e-03	1.14236765e-02	8.36201111e+00	8.16264047e+02	0.00000000e+00
1.63857311e+02	2.22216142e-03	1.13162087e-02	8.36204123e+00	8.17243447e+02	0.00000000e+00
1.64053681e+02	2.23191905e-03	1.13658987e-02	8.36207135e+00	8.18222848e+02	0.00000000e+00
1.64250051e+02	2.20948401e-03	1.12516498e-02	8.36210147e+00	8.19202248e+02	0.00000000e+00
1.64446421e+02	2.28087895e-03	1.16152238e-02	8.36213159e+00	8.20181648e+02	0.00000000e+00
1.64642790e+02	2.17072046e-03	1.10542490e-02	8.36216170e+00	8.21161049e+02	0.00000000e+00
1.64839160e+02	2.32122560e-03	1.18206864e-02	8.36219180e+00	8.22140449e+02	0.00000000e+00
1.65035530e+02	2.30320644e-03	1.17289250e-02	8.36222191e+00	8.23119850e+02	0.00000000e+00
1.65231900e+02	2.34408337e-03	1.19370881e-02	8.36225202e+00	8.24099250e+02	0.00000000e+00
1.65428269e+02	2.44539357e-03	1.24530035e-02	8.36228212e+00	8.25078650e+02	0.00000000e+00
1.65624639e+02	2.42806738e-03	1.23647710e-02	8.36231223e+00	8.26058051e+02	0.00000000e+00
1.65821009e+02	2.33912725e-03	1.19118493e-02	8.36234233e+00	8.27037451e+02	0.00000000e+00
1.66017379e+02	2.30398284e-03	1.17328788e-02	8.36237243e+00	8.28016852e+02	0.00000000e+00
1.66213749e+02	2.30364377e-03	1.17311521e-02	8.36240253e+00	8.28996252e+02	0.00000000e+00
1.66410118e+02	2.28841288e-03	1.16535898e-02	8.36243263e+00	8.29975652e+02	0.00000000e+00
1.66606488e+02	2.32258019e-03	1.18275845e-02	8.36246273e+00	8.30955053e+02	0.00000000e+00
1.66802858e+02	2.45491087e-03	1.25014697e-02	8.36249283e+00	8.31934453e+02	0.00000000e+00
1.66999228e+02	2.24820890e-03	1.14488537e-02	8.36252293e+00	8.32913854e+02	0.00000000e+00
1.67195597e+02	2.41759116e-03	1.23114216e-02	8.36255304e+00	8.33893254e+02	0.00000000e+00
1.67391967e+02	2.46027382e-03	1.25287802e-02	8.36258315e+00	8.34872654e+02	0.00000000e+00
1.67588337e+02	2.39145879e-03	1.21783442e-02	8.36261326e+00	8.35852055e+02	0.00000000e+00
1.67784707e+02	2.30659674e-03	1.17461899e-02	8.36264337e+00	8.36831455e+02	0.00000000e+00
1.67981077e+02	2.37071018e-03	1.20726833e-02	8.36267348e+00	8.37810856e+02	0.00000000e+00
1.68177446e+02	2.49470820e-03	1.27041349e-02	8.36270358e+00	8.38790256e+02	0.00000000e+00
1.68373816e+02	2.68355333e-03	1.36658162e-02	8.36273369e+00	8.39769657e+02	0.00000000e+00
1.68570186e+02	2.43558857e-03	1.24030722e-02	8.36276380e+00	8.40749057e+02	0.00000000e+00
1.68766556e+02	2.29617808e-03	1.16931336e-02	8.36279391e+00	8.41728457e+02	0.00000000e+00
1.68962925e+02	2.17951320e-03	1.10990255e-02	8.36282402e+00	8.42707858e+02	0.00000000e+00
1.69159295e+02	2.19705158e-03	1.11883385e-02	8.36285412e+00	8.43687258e+02	0.00000000e+00
1.69355665e+02	2.28909837e-03	1.16570806e-02	8.36288423e+00	8.44666659e+02	0.00000000e+00
1.69552035e+02	2.28606086e-03	1.16416123e-02	8.36291434e+00	8.45646059e+02	0.00000000e+00
1.69748405e+02	2.48794700e-03	1.26697040e-02	8.36294445e+00	8.46625459e+02	0.00000000e+00
1.69944774e+02	2.44290829e-03	1.24403474e-02	8.36297456e+00	8.47604860e+02	0.00000000e+00
1.70141144e+02	2.47618392e-03	1.26098013e-02	8.36300467e+00	8.48584260e+02	0.00000000e+00
1.70337514e+02	2.41563486e-03	1.23014593e-02	8.36303478e+00	8.49563661e+02	0.00000000e+00
1.70533884e+02	2.43108917e-03	1.23801593e-02	8.36306489e+00	8.50543061e+02	0.00000000e+00
1.70730254e+02	2.53290647e-03	1.28986571e-02	8.36309500e+00	8.51522461e+02	0.00000000e+00
1.70926623e+02	2.54240146e-03	1.29470097e-02	8.36312511e+00	8.52501862e+02	0.00000000e+00
1.71122993e+02	2.20094045e-03	1.12081423e-02	8.36315523e+00	8.53481262e+02	0.00000000e+00
1.71319363e+02	2.25604665e-03	1.14887669e-02	8.36318534e+00	8.54460663e+02	0.00000000e+00
1.71515733e+02	2.27249408e-03	1.15725244e-02	8.36321545e+00	8.55440063e+02	0.00000000e+00
1.71712102e+02	2.45060516e-03	1.24795431e-02	8.36324556e+00	8.56419463e+02	0.00000000e+00
1.71908472e+02	2.47120034e-03	1.25844227e-02	8.36327567e+00	8.57398864e+02	0.00000000e+00
1.72104842e+02	2.72963974e-03	1.39005081e-02	8.36330578e+00	8.58378264e+02	0.00000000e+00
1.72301212e+02	2.60666283e-03	1.32742564e-02	8.36333589e+00	8.59357665e+02	0.00000000e+00
1.72497582e+02	2.31548012e-03	1.17914279e-02	8.36336600e+00	8.60337065e+02	0.00000000e+00
1.72693951e+02	2.52112418e-03	1.28386566e-02	8.36339610e+00	8.61316465e+02	0.00000000e+00
1.72890321e+02	2.31380789e-03	1.17829122e-02	8.36342621e+00	8.62295866e+02	0.00000000e+00
1.73086691e+02	2.36850327e-03	1.20614448e-02	8.36345633e+00	8.63275266e+02	0.00000000e+00
1.73283061e+02	2.18586659e-03	1.11313797e-02	8.36348644e+00	8.64254667e+02	0.00000000e+00
1.73479430e+02	2.38050818e-03	1.21225790e-02	8.36351655e+00	8.65234067e+02	0.00000000e+00
1.73675800e+02	2.32518033e-03	1.18408256e-02	8.36354667e+00	8.66213467e+02	0.00000000e+00
1.73872170e+02	2.56777191e-03	1.30762070e-02	8.36357679e+00	8.67192868e+02	0.00000000e+00
1.74068540e+02	2.45559519e-03	1.25049546e-02	8.36360690e+00	8.68172268e+02	0.00000000e+00
1.74264910e+02	2.18284589e-03	1.11159969e-02	8.36363702e+00	8.69151669e+02	0.00000000e+00
1.74461279e+02	2.11609618e-03	1.07760785e-02	8.36366713e+00	8.70131069e+02	0.00000000e+00
1.74657649e+02	2.11987185e-03	1.07953058e-02	8.36369724e+00	8.71110470e+02	0.00000000e+00
1.74854019e+02	2.06332045e-03	1.05073217e-02	8.36372736e+00	8.72089870e+02	0.00000000e+00
1.75050389e+02	2.22640837e-03	1.13378360e-02	8.36375747e+00	8.73069270e+02	0.00000000e+00
1.75246758e+02	2.48187447e-03	1.26387800e-02	8.36378759e+00	8.74048671e+02	0.00000000e+00
1.75443128e+02	2.36460503e-03	1.20415932e-02	8.36381770e+00	8.75028071e+02	0.00000000e+00
1.75639498e+02	2.36574847e-03	1.20474161e-02	8.36384782e+00	8.76007472e+02	0.00000000e+00
1.75835868e+02	2.48411052e-03	1.26501670e-02	8.36387793e+00	8.76986872e+02	0.00000000e+00
1.76032238e+02	2.37076779e-03	1.20729767e-02	8.36390805e+00	8.77966272e+02	0.00000000e+00
1.76228607e+02	2.15349525e-03	1.09665308e-02	8.36393817e+00	8.78945673e+02	0.00000000e+00
1.76424977e+02	2.14208083e-03	1.09084036e-02	8.36396828e+00	8.79925073e+02	0.00000000e+00
1.76621347e+02	2.23802701e-03	1.13970031e-02	8.36399840e+00	8.80904474e+02	0.00000000e+00
1.76817717e+02	2.18518519e-03	1.11279097e-02	8.36402852e+00	8.81883874e+02	0.00000000e+00
1.77014087e+02	2.27883052e-03	1.16047923e-02	8.36405864e+00	8.82863274e+02	0.00000000e+00
1.77210456e+02	2.39897839e-03	1.22166373e-02	8.36408875e+00	8.83842675e+02	0.00000000e+00
1.77406826e+02	2.38437351e-03	1.21422629e-02	8.36411887e+00	8.84822075e+02	0.00000000e+00
1.77603196e+02	2.48962908e-03	1.26782699e-02	8.36414899e+00	8.85801476e+02	0.00000000e+00
1.77799566e+02	2.48799050e-03	1.26699255e-02	8.36417910e+00	8.86780876e+02	0.00000000e+00
1.77995935e+02	2.32340790e-03	1.18317996e-02	8.36420922e+00	8.87760276e+02	0.00000000e+00
1.78192305e+02	2.18375469e-03	1.11206250e-02	8.36423934e+00	8.88739677e+02	0.00000000e+00
1.78388675e+02	2.23111263e-03	1.13617921e-02	8.36426946e+00	8.89719077e+02	0.00000000e+00
1.78585045e+02	2.10918670e-03	1.07408924e-02	8.36429958e+00	8.90698478e+02	0.00000000e+00
1.78781415e+02	2.06989745e-03	1.05408146e-02	8.36432971e+00	8.91677878e+02	0.00000000e+00
1.78977784e+02	2.15133450e-03	1.09555273e-02	8.36435984e+00	8.92657278e+02	0.00000000e+00
1.79174154e+02	2.00187029e-03	1.01943908e-02	8.36438997e+00	8.93636679e+02	0.00000000e+00
1.79370524e+02	2.19236416e-03	1.11644681e-02	8.36442010e+00	8.94616079e+02	0.00000000e+00
1.79566894e+02	2.21011116e-03	1.12548435e-02	8.36445022e+00	8.95595480e+02	0.00000000e+00
1.79763263e+02	2.25872989e-03	1.15024312e-02	8.36448035e+00	8.96574880e+02	0.00000000e+00
1.79959633e+02	2.30122820e-03	1.17188510e-02	8.36451046e+00	8.97554280e+02	0.00000000e+00
1.80156003e+02	2.19593108e-03	1.11826324e-02	8.36454057e+00	8.98533681e+02	0.00000000e+00
1.80352373e+02	2.20948279e-03	1.12516436e-02	8.36457067e+00	8.99513081e+02	0.00000000e+00
1.80548743e+02	2.18192494e-03	1.11113071e-02	8.36460076e+00	9.00492482e+02	0.00000000e+00
1.80745112e+02	2.19092241e-03	1.11571261e-02	8.36463084e+00	9.01471882e+02	0.00000000e+00
1.80941482e+02	2.23853351e-03	1.13995824e-02	8.36466093e+00	9.02451282e+02	0.00000000e+00
1.81137852e+02	2.20215334e-03	1.12143189e-02	8.36469101e+00	9.03430683e+02	0.00000000e+00
1.81334222e+02	2.20154787e-03	1.12112355e-02	8.36472111e+00	9.04410083e+02	0.00000000e+00
1.81530591e+02	2.23361987e-03	1.13745600e-02	8.36475121e+00	9.05389484e+02	0.00000000e+00
1.81726961e+02	2.15272638e-03	1.09626153e-02	8.36478133e+00	9.06368884e+02	0.00000000e+00
1.81923331e+02	2.13146214e-03	1.08543286e-02	8.36481147e+00	9.07348285e+02	0.00000000e+00
1.82119701e+02	2.10257750e-03	1.07072355e-02	8.36484163e+00	9.08327685e+02	0.00000000e+00
1.82316071e+02	2.06958510e-03	1.05392240e-02	8.36487183e+00	9.09307085e+02	0.00000000e+00
1.82512440e+02	1.88710594e-03	9.60996099e-03	8.36490247e+00	9.10286486e+02	0.00000000e+00
1.82708810e+02	2.09546062e-03	1.06709933e-02	8.36493675e+00	9.11265886e+02	0.00000000e+00
1.82905180e+02	2.11635809e-03	1.07774123e-02	8.36497501e+00	9.12245287e+02	0.00000000e+00
1.83101550e+02	2.27035277e-03	1.15616199e-02	8.36501510e+00	9.13224687e+02	0.00000000e+00
1.83297920e+02	2.24728925e-03	1.14441705e-02	8.36505517e+00	9.14204087e+02	0.00000000e+00
1.83494289e+02	2.16201226e-03	1.10099031e-02	8.36509344e+00	9.15183488e+02	0.00000000e+00
1.83690659e+02	2.17504879e-03	1.10762908e-02	8.36512817e+00	9.16162888e+02	0.00000000e+00
1.83887029e+02	2.30084753e-03	1.17169124e-02	8.36515769e+00	9.17142289e+02	0.00000000e+00
1.84083399e+02	2.08434364e-03	1.06143808e-02	8.36518038e+00	9.18121689e+02	0.00000000e+00
1.84279768e+02	1.88889395e-03	9.61906630e-03	8.36519469e+00	9.19101089e+02	0.00000000e+00
1.84476138e+02	1.97258556e-03	1.00452603e-02	8.36520046e+00	9.20080490e+02	0.00000000e+00
1.84672508e+02	1.95841073e-03	9.97307586e-03	8.36520076e+00	9.21059890e+02	0.00000000e+00
1.84868878e+02	2.07818034e-03	1.05829946e-02	8.36520076e+00	9.22039291e+02	0.00000000e+00
1.85065248e+02	2.07406002e-03	1.05620122e-02	8.36520076e+00	9.23018691e+02	0.00000000e+00
1.85261617e+02	1.89049333e-03	9.62721104e-03	8.36520076e+00	9.23998091e+02	0.00000000e+00
1.85457987e+02	2.01414437e-03	1.02568957e-02	8.36520076e+00	9.24977492e+02	0.00000000e+00
1.85654357e+02	2.10072071e-03	1.06977799e-02	8.36520076e+00	9.25956892e+02	0.00000000e+00
1.85850727e+02	2.07129928e-03	1.05479533e-02	8.36520076e+00	9.26936293e+02	0.00000000e+00
1.86047096e+02	1.99259388e-03	1.01471513e-02	8.36520076e+00	9.27915693e+02	0.00000000e+00
1.86243466e+02	1.93894672e-03	9.87395670e-03	8.36520076e+00	9.28895093e+02	0.00000000e+00
1.86439836e+02	1.94046295e-03	9.88167800e-03	8.36520149e+00	9.29874494e+02	0.00000000e+00
1.86636206e+02	2.00327467e-03	1.02015425e-02	8.36520576e+00	9.30853894e+02	0.00000000e+00
1.86832576e+02	2.11667642e-03	1.07790333e-02	8.36521961e+00	9.31833295e+02	0.00000000e+00
1.87028945e+02	2.06816001e-03	1.05319668e-02	8.36524288e+00	9.32812695e+02	0.00000000e+00
1.87225315e+02	2.03291864e-03	1.03525024e-02	8.36527295e+00	9.33792095e+02	0.00000000e+00
1.87421685e+02	1.95863982e-03	9.97424251e-03	8.36530788e+00	9.34771496e+02	0.00000000e+00
1.87618055e+02	1.93631337e-03	9.86054654e-03	8.36534601e+00	9.35750896e+02	0.00000000e+00
1.87814424e+02	1.89111001e-03	9.63035145e-03	8.36538567e+00	9.36730297e+02	0.00000000e+00
1.88010794e+02	1.86752532e-03	9.51024799e-03	8.36542521e+00	9.37709697e+02	0.00000000e+00
1.88207164e+02	1.90450089e-03	9.69854361e-03	8.36546298e+00	9.38689097e+02	0.00000000e+00
1.88403534e+02	1.84320900e-03	9.38641875e-03	8.36549757e+00	9.39668498e+02	0.00000000e+00
1.88599904e+02	1.76306750e-03	8.97830353e-03	8.36552832e+00	9.40647898e+02	0.00000000e+00
1.88796273e+02	1.75705538e-03	8.94768719e-03	8.36555847e+00	9.41627299e+02	0.00000000e+00
1.88992643e+02	1.76411439e-03	8.98363474e-03	8.36558859e+00	9.42606699e+02	0.00000000e+00
1.89189013e+02	1.73435869e-03	8.83210585e-03	8.36561870e+00	9.43586100e+02	0.00000000e+00
1.89385383e+02	1.72158549e-03	8.76705914e-03	8.36564880e+00	9.44565500e+02	0.00000000e+00
1.89581753e+02	1.68510551e-03	8.58128730e-03	8.36567890e+00	9.45544900e+02	0.00000000e+00
1.89778122e+02	1.67411999e-03	8.52534426e-03	8.36570900e+00	9.46524301e+02	0.00000000e+00
1.89974492e+02	1.85989128e-03	9.47137218e-03	8.36573912e+00	9.47503701e+02	0.00000000e+00
1.90170862e+02	1.85422762e-03	9.44253037e-03	8.36576925e+00	9.48483102e+02	0.00000000e+00
1.90367232e+02	1.73274350e-03	8.82388057e-03	8.36579942e+00	9.49462502e+02	0.00000000e+00
1.90563601e+02	1.82513423e-03	9.29437423e-03	8.36583089e+00	9.50441902e+02	0.00000000e+00
1.90759971e+02	1.79776795e-03	9.15501324e-03	8.36586596e+00	9.51421303e+02	0.00000000e+00
1.90956341e+02	1.65112530e-03	8.40824536e-03	8.36590424e+00	9.52400703e+02	0.00000000e+00
1.91152711e+02	1.55118994e-03	7.89933120e-03	8.36594418e+00	9.53380104e+02	0.00000000e+00
1.91349081e+02	1.59705405e-03	8.13289114e-03	8.36598413e+00	9.54359504e+02	0.00000000e+00
1.91545450e+02	1.59954294e-03	8.14556562e-03	8.36602239e+00	9.55338904e+02	0.00000000e+00
1.91741820e+02	1.43478107e-03	7.30652680e-03	8.36605628e+00	9.56318305e+02	0.00000000e+00
1.91938190e+02	1.36736592e-03	6.96321965e-03	8.36608460e+00	9.57297705e+02	0.00000000e+00
1.92134560e+02	1.32409758e-03	6.74287853e-03	8.36610588e+00	9.58277106e+02	0.00000000e+00
1.92330929e+02	1.36419809e-03	6.94708770e-03	8.36611874e+00	9.59256506e+02	0.00000000e+00
1.92527299e+02	1.49223685e-03	7.59911653e-03	8.36612363e+00	9.60235906e+02	0.00000000e+00
1.92723669e+02	1.55820398e-03	7.93504973e-03	8.36612363e+00	9.61215307e+02	0.00000000e+00
1.92920039e+02	1.46599744e-03	7.46549409e-03	8.36612363e+00	9.62194707e+02	0.00000000e+00
1.93116409e+02	1.50046113e-03	7.64099813e-03	8.36612363e+00	9.63174108e+02	0.00000000e+00
1.93312778e+02	1.46553610e-03	7.46314473e-03	8.36612363e+00	9.64153508e+02	0.00000000e+00
1.93509148e+02	1.40009236e-03	7.12987688e-03	8.36612363e+00	9.65132908e+02	0.00000000e+00
1.93705518e+02	1.39259508e-03	7.09169747e-03	8.36612363e+00	9.66112309e+02	0.00000000e+00
1.93901888e+02	1.42435699e-03	7.25344286e-03	8.36612363e+00	9.67091709e+02	0.00000000e+00
1.94098257e+02	1.31486504e-03	6.69586240e-03	8.36612363e+00	9.68071110e+02	0.00000000e+00
1.94294627e+02	1.34048358e-03	6.82632314e-03	8.36612363e+00	9.69050510e+02	0.00000000e+00
1.94490997e+02	1.34400583e-03	6.84425994e-03	8.36612497e+00	9.70029910e+02	0.00000000e+00
1.94687367e+02	1.27249113e-03	6.48007610e-03	8.36613068e+00	9.71009311e+02	0.00000000e+00
1.94883737e+02	1.26675760e-03	6.45087849e-03	8.36614549e+00	9.71988711e+02	0.00000000e+00
1.95080106e+02	1.38980023e-03	7.07746487e-03	8.36617028e+00	9.72968112e+02	0.00000000e+00
1.95276476e+02	1.32175856e-03	6.73096720e-03	8.36620112e+00	9.73947512e+02	0.00000000e+00
1.95472846e+02	1.28032981e-03	6.51999405e-03	8.36623641e+00	9.74926912e+02	0.00000000e+00
1.95669216e+02	1.25213193e-03	6.37639825e-03	8.36627469e+00	9.75906313e+02	0.00000000e+00
1.95865586e+02	1.15018208e-03	5.85722544e-03	8.36631453e+00	9.76885713e+02	0.00000000e+00
1.96061955e+02	1.08309157e-03	5.51557149e-03	8.36635422e+00	9.77865114e+02	0.00000000e+00
1.96258325e+02	1.13235002e-03	5.76641687e-03	8.36639143e+00	9.78844514e+02	0.00000000e+00
1.96454695e+02	1.16738332e-03	5.94482163e-03	8.36642519e+00	9.79823915e+02	0.00000000e+00
1.96651065e+02	1.15929231e-03	5.90361869e-03	8.36645887e+00	9.80803315e+02	0.00000000e+00
1.96847434e+02	1.12110772e-03	5.70916623e-03	8.36649512e+00	9.81782715e+02	0.00000000e+00
1.97043804e+02	1.10670619e-03	5.63582737e-03	8.36653440e+00	9.82762116e+02	0.00000000e+00
1.97240174e+02	1.12818795e-03	5.74522180e-03	8.36657478e+00	9.83741516e+02	0.00000000e+00
1.97436544e+02	1.01824301e-03	5.18533453e-03	8.36661390e+00	9.84720917e+02	0.00000000e+00
1.97632914e+02	1.01800136e-03	5.18410396e-03	8.36665037e+00	9.85700317e+02	0.00000000e+00
1.97829283e+02	1.10120366e-03	5.60780613e-03	8.36668284e+00	9.86679717e+02	0.00000000e+00
1.98025653e+02	1.00282083e-03	5.10679810e-03	8.36671004e+00	9.87659118e+02	0.00000000e+00
1.98222023e+02	1.02179883e-03	5.20344232e-03	8.36672755e+00	9.88638518e+02	0.00000000e+00
1.98418393e+02	8.55311558e-04	4.35561700e-03	8.36673611e+00	9.89617919e+02	0.00000000e+00
1.98614762e+02	7.73125340e-04	3.93708917e-03	8.36673899e+00	9.90597319e+02	0.00000000e+00
1.98811132e+02	8.48846325e-04	4.32269323e-03	8.36673899e+00	9.91576719e+02	0.00000000e+00
1.99007502e+02	8.33581174e-04	4.24495647e-03	8.36673899e+00	9.92556120e+02	0.00000000e+00
1.99203872e+02	7.87393233e-04	4.00974746e-03	8.36673899e+00	9.93535520e+02	0.00000000e+00
1.99400242e+02	7.65905629e-04	3.90032328e-03	8.36673899e+00	9.94514921e+02	0.00000000e+00
1.99596611e+02	7.30022707e-04	3.71759189e-03	8.36673899e+00	9.95494321e+02	0.00000000e+00
1.99792981e+02	6.05214761e-04	3.08201576e-03	8.36673899e+00	9.96473721e+02	0.00000000e+00
1.99989351e+02	5.39911230e-04	2.74946189e-03	8.36673899e+00	9.97453122e+02	0.00000000e+00
2.00185721e+02	4.92161007e-04	2.50629707e-03	8.36673899e+00	9.98432522e+02	0.00000000e+00
2.00382090e+02	4.40806316e-04	2.24477673e-03	8.36673926e+00	9.99411923e+02	0.00000000e+00
2.00578460e+02	3.73853847e-04	1.90382576e-03	8.36674106e+00	1.00039132e+03	0.00000000e+00
2.00774830e+02	3.53931479e-04	1.80237242e-03	8.36675649e+00	1.00137072e+03	0.00000000e+00
2.00971200e+02	2.85959550e-04	1.45622991e-03	8.36678427e+00	1.00235012e+03	0.00000000e+00
2.01167570e+02	2.41086476e-04	1.22771678e-03	8.36682036e+00	1.00332952e+03	0.00000000e+00
2.01363939e+02	2.32868383e-04	1.18586669e-03	8.36686229e+00	1.00430892e+03	0.00000000e+00
2.01560309e+02	2.19232714e-04	1.11642796e-03	8.36690738e+00	1.00528833e+03	0.00000000e+00
2.01756679e+02	2.26998306e-04	1.15597372e-03	8.36695064e+00	1.00626773e+03	0.00000000e+00
2.01953049e+02	2.64809165e-04	1.34852299e-03	8.36698889e+00	1.00724713e+03	0.00000000e+00
2.02149419e+02	3.02213556e-04	1.53900235e-03	8.36701983e+00	1.00822653e+03	0.00000000e+00
2.02345788e+02	2.99668302e-04	1.52604082e-03	8.36704137e+00	1.00920593e+03	2.27343649e+01
