# wavelength [nm], transmission T [%]
1.900000000000000000e+02,1.023051033933827014e+01
1.905000000000000000e+02,8.968211273732668687e+00
1.910000000000000000e+02,6.528811701030313941e+00
1.915000000000000000e+02,9.310729864510136622e+00
1.920000000000000000e+02,1.062393760421035083e+01
1.925000000000000000e+02,9.752678181935436896e+00
1.930000000000000000e+02,1.249603817144904028e+01
1.935000000000000000e+02,1.382669228284978757e+01
1.940000000000000000e+02,1.167951986041595624e+01
1.945000000000000000e+02,9.137241094927446738e+00
1.950000000000000000e+02,6.507392984147609027e+00
1.955000000000000000e+02,3.551161453873688423e+00
1.960000000000000000e+02,3.109114366077507352e+00
1.965000000000000000e+02,6.942599257905874843e+00
1.970000000000000000e+02,1.013722882982107443e+01
1.975000000000000000e+02,7.510591354603371350e+00
1.980000000000000000e+02,2.246518757585901138e+00
1.985000000000000000e+02,3.487201413770461667e+00
1.990000000000000000e+02,9.971952766789993206e+00
1.995000000000000000e+02,1.330477856705164719e+01
2.000000000000000000e+02,1.334272350409756491e+01
2.005000000000000000e+02,1.466982701705781267e+01
2.010000000000000000e+02,1.269024034151465230e+01
2.015000000000000000e+02,7.955405207623421404e+00
2.020000000000000000e+02,9.277695691854797033e+00
2.025000000000000000e+02,7.580181294253240942e+00
2.030000000000000000e+02,6.692527057131500534e+00
2.035000000000000000e+02,6.012154302863070399e+00
2.040000000000000000e+02,5.433705137408343155e+00
2.045000000000000000e+02,4.686371676194080571e+00
2.050000000000000000e+02,4.359083848649039972e+00
2.055000000000000000e+02,4.461464647194434363e+00
2.060000000000000000e+02,4.993447830728952042e+00
2.065000000000000000e+02,5.442017153071790680e+00
2.070000000000000000e+02,5.329881613858086453e+00
2.075000000000000000e+02,5.156381381560040111e+00
2.080000000000000000e+02,5.629613205522334241e+00
2.085000000000000000e+02,5.987860795992920870e+00
2.090000000000000000e+02,5.207295756648437468e+00
2.095000000000000000e+02,5.186370740282927549e+00
2.100000000000000000e+02,5.618105402690024341e+00
2.105000000000000000e+02,5.472961314592215132e+00
2.110000000000000000e+02,5.450071621534590349e+00
2.115000000000000000e+02,5.709831823869897960e+00
2.120000000000000000e+02,5.545199676146130408e+00
2.125000000000000000e+02,5.095647514127485067e+00
2.130000000000000000e+02,4.832094645986491521e+00
2.135000000000000000e+02,4.769164721414345998e+00
2.140000000000000000e+02,4.790591381922082448e+00
2.145000000000000000e+02,5.211362799952215852e+00
2.150000000000000000e+02,6.496431731089473693e+00
2.155000000000000000e+02,8.595611121299704394e+00
2.160000000000000000e+02,9.443227804818956628e+00
2.165000000000000000e+02,8.564168453222096744e+00
2.170000000000000000e+02,8.067063188141430530e+00
2.175000000000000000e+02,8.260606291926848144e+00
2.180000000000000000e+02,7.980976320479041597e+00
2.185000000000000000e+02,7.333073816366848519e+00
2.190000000000000000e+02,6.909542867449484760e+00
2.195000000000000000e+02,6.480346526776722627e+00
2.200000000000000000e+02,5.717702166018929333e+00
2.205000000000000000e+02,4.958330354676928842e+00
2.210000000000000000e+02,4.692305456557535948e+00
2.215000000000000000e+02,5.045147713191438399e+00
2.220000000000000000e+02,6.517479007378603306e+00
2.225000000000000000e+02,8.815799943272393691e+00
2.230000000000000000e+02,1.030271650725473975e+01
2.235000000000000000e+02,1.083608711512324163e+01
2.240000000000000000e+02,1.011863735290862820e+01
2.245000000000000000e+02,7.800970227842318749e+00
2.250000000000000000e+02,4.883441324492761026e+00
2.255000000000000000e+02,3.232696119856312666e+00
2.260000000000000000e+02,2.777179200314937813e+00
2.265000000000000000e+02,2.420932700823823058e+00
2.270000000000000000e+02,1.624619836152912500e+00
2.275000000000000000e+02,1.042100886053470621e+00
2.280000000000000000e+02,1.366057987711240651e+00
2.285000000000000000e+02,2.068856804777478686e+00
2.290000000000000000e+02,2.630979330349634271e+00
2.295000000000000000e+02,4.374753606199319300e+00
2.300000000000000000e+02,6.775796072099492307e+00
2.305000000000000000e+02,8.289387370489967211e+00
2.310000000000000000e+02,8.918540034224681889e+00
2.315000000000000000e+02,8.634149503057532371e+00
2.320000000000000000e+02,7.764049676785702125e+00
2.325000000000000000e+02,7.149030018861940228e+00
2.330000000000000000e+02,7.133187814177088804e+00
2.335000000000000000e+02,7.493942009530252690e+00
2.340000000000000000e+02,7.843619828870142641e+00
2.345000000000000000e+02,8.139555897298123455e+00
2.350000000000000000e+02,8.277689297495564702e+00
2.355000000000000000e+02,7.395176689168200923e+00
2.360000000000000000e+02,5.500822065710742947e+00
2.365000000000000000e+02,4.237916249765446786e+00
2.370000000000000000e+02,4.011163068045714652e+00
2.375000000000000000e+02,4.095553354066450602e+00
2.380000000000000000e+02,3.373886104808266673e+00
2.385000000000000000e+02,2.708212392163387161e+00
2.390000000000000000e+02,2.697654680962980667e+00
2.395000000000000000e+02,3.167286425471441014e+00
2.400000000000000000e+02,3.685057168535391003e+00
2.405000000000000000e+02,4.501915226959797955e+00
2.410000000000000000e+02,5.670971495221572845e+00
2.415000000000000000e+02,6.470614596362243454e+00
2.420000000000000000e+02,6.399130632920966733e+00
2.425000000000000000e+02,6.370043060015855296e+00
2.430000000000000000e+02,7.290440125663845805e+00
2.435000000000000000e+02,8.744798393134834313e+00
2.440000000000000000e+02,9.793148222361175215e+00
2.445000000000000000e+02,1.116283998535696576e+01
2.450000000000000000e+02,1.261283354769674503e+01
2.455000000000000000e+02,1.355874804139928536e+01
2.460000000000000000e+02,1.433782494279535769e+01
2.465000000000000000e+02,1.459250353087413998e+01
2.470000000000000000e+02,1.437332162462366725e+01
2.475000000000000000e+02,1.322283067278281443e+01
2.480000000000000000e+02,1.108604879867123216e+01
2.485000000000000000e+02,9.081484057276197674e+00
2.490000000000000000e+02,8.060181566372579098e+00
2.495000000000000000e+02,7.654946800303600085e+00
2.500000000000000000e+02,7.109426815456680870e+00
2.505000000000000000e+02,6.550449311034266309e+00
2.510000000000000000e+02,6.419829263766427374e+00
2.515000000000000000e+02,6.785714857270646050e+00
2.520000000000000000e+02,7.466320703021477101e+00
2.525000000000000000e+02,8.470560305531302348e+00
2.530000000000000000e+02,9.424081706071461895e+00
2.535000000000000000e+02,9.493588152720962015e+00
2.540000000000000000e+02,8.832287748384505477e+00
2.545000000000000000e+02,8.005842953054385092e+00
2.550000000000000000e+02,7.678684879661863860e+00
2.555000000000000000e+02,8.055822262826701774e+00
2.560000000000000000e+02,8.737525089214306817e+00
2.565000000000000000e+02,9.167743997988932136e+00
2.570000000000000000e+02,9.149267073457362898e+00
2.575000000000000000e+02,8.629352975759152500e+00
2.580000000000000000e+02,7.660811721709974265e+00
2.585000000000000000e+02,6.984550205058498662e+00
2.590000000000000000e+02,7.914826749183606402e+00
2.595000000000000000e+02,1.063068150563861458e+01
2.600000000000000000e+02,1.304410082854926323e+01
2.605000000000000000e+02,1.353786311633770012e+01
2.610000000000000000e+02,1.318100744120931012e+01
2.615000000000000000e+02,1.251143496504272612e+01
2.620000000000000000e+02,1.041330425699169382e+01
2.625000000000000000e+02,8.612590255013632401e+00
2.630000000000000000e+02,7.721331094717988286e+00
2.635000000000000000e+02,7.544392375246926186e+00
2.640000000000000000e+02,6.825322209322090217e+00
2.645000000000000000e+02,6.013854781481134282e+00
2.650000000000000000e+02,5.628611810787128356e+00
2.655000000000000000e+02,5.489084409514850549e+00
2.660000000000000000e+02,5.642012629120548795e+00
2.665000000000000000e+02,6.662906402517361215e+00
2.670000000000000000e+02,8.270373543326387633e+00
2.675000000000000000e+02,8.861492920796024464e+00
2.680000000000000000e+02,8.529807096028079627e+00
2.685000000000000000e+02,8.243107666947308232e+00
2.690000000000000000e+02,6.736617141837217382e+00
2.695000000000000000e+02,3.992374644426626595e+00
2.700000000000000000e+02,2.461404027748996359e+00
2.705000000000000000e+02,1.687516571697394552e+00
2.710000000000000000e+02,7.530008987228717920e-01
2.715000000000000000e+02,8.205745250371395683e-01
2.720000000000000000e+02,2.179245210869820593e+00
2.725000000000000000e+02,3.366824034956886980e+00
2.730000000000000000e+02,3.936811303393596972e+00
2.735000000000000000e+02,4.422359293247812850e+00
2.740000000000000000e+02,4.537231299108233529e+00
2.745000000000000000e+02,4.313850716690499354e+00
2.750000000000000000e+02,4.225276212054954073e+00
2.755000000000000000e+02,4.281913135830145656e+00
2.760000000000000000e+02,4.101418720130982187e+00
2.765000000000000000e+02,3.773319648566008322e+00
2.770000000000000000e+02,4.011404238681932632e+00
2.775000000000000000e+02,4.171260424564623648e+00
2.780000000000000000e+02,3.940526613638819509e+00
2.785000000000000000e+02,4.398495971778060287e+00
2.790000000000000000e+02,5.400032073575355973e+00
2.795000000000000000e+02,5.996385135311656178e+00
2.800000000000000000e+02,6.516439309848766293e+00
2.805000000000000000e+02,6.544311138013934936e+00
2.810000000000000000e+02,6.106111594780391449e+00
2.815000000000000000e+02,5.825325947927072257e+00
2.820000000000000000e+02,5.599830794621095009e+00
2.825000000000000000e+02,5.181884832441397748e+00
2.830000000000000000e+02,5.447249705026656841e+00
2.835000000000000000e+02,6.374665061877626826e+00
2.840000000000000000e+02,7.072473010015949413e+00
2.845000000000000000e+02,7.111009535168044238e+00
2.850000000000000000e+02,7.031848953947486436e+00
2.855000000000000000e+02,6.995596994757128151e+00
2.860000000000000000e+02,6.289966258492429851e+00
2.865000000000000000e+02,5.256227397261594270e+00
2.870000000000000000e+02,5.031556177853063083e+00
2.875000000000000000e+02,5.349354440570145641e+00
2.880000000000000000e+02,5.112270436654327455e+00
2.885000000000000000e+02,5.191056072871654159e+00
2.890000000000000000e+02,4.834448835241295761e+00
2.895000000000000000e+02,2.828675487621951756e+00
2.900000000000000000e+02,1.518856529928177101e+00
2.905000000000000000e+02,1.052492597385207729e+00
2.910000000000000000e+02,9.952205352167848851e-01
2.915000000000000000e+02,1.872264768769080323e+00
2.920000000000000000e+02,3.220242852250316368e+00
2.925000000000000000e+02,4.594953284159707607e+00
2.930000000000000000e+02,6.338230034389235712e+00
2.935000000000000000e+02,8.538865849217918580e+00
2.940000000000000000e+02,9.823495188621430785e+00
2.945000000000000000e+02,9.772967478282250653e+00
2.950000000000000000e+02,9.690907329285904481e+00
2.955000000000000000e+02,9.547151071585934901e+00
2.960000000000000000e+02,9.056130277664530936e+00
2.965000000000000000e+02,9.402623547159638662e+00
2.970000000000000000e+02,1.081899043721199760e+01
2.975000000000000000e+02,1.137038146189913057e+01
2.980000000000000000e+02,1.015993679324528820e+01
2.985000000000000000e+02,8.776571419313814459e+00
2.990000000000000000e+02,5.409684654675676718e+00
2.995000000000000000e+02,1.457003764930634215e+00
3.000000000000000000e+02,-2.958028178390521568e-01
3.005000000000000000e+02,-5.917081623929696388e-01
3.010000000000000000e+02,-6.352163271737094608e-01
3.015000000000000000e+02,4.885804219108829116e-01
3.020000000000000000e+02,2.124012473786360822e+00
3.025000000000000000e+02,3.111662401914322640e+00
3.030000000000000000e+02,3.473494095193654374e+00
3.035000000000000000e+02,3.255250870217052395e+00
3.040000000000000000e+02,3.181091056956225849e+00
3.045000000000000000e+02,3.871012885890387611e+00
3.050000000000000000e+02,4.808965499187630499e+00
3.055000000000000000e+02,5.210701264051083470e+00
3.060000000000000000e+02,4.994741984334964968e+00
3.065000000000000000e+02,4.431561336983499189e+00
3.070000000000000000e+02,3.651507232608020015e+00
3.075000000000000000e+02,2.833601225327785578e+00
3.080000000000000000e+02,2.341351238231617060e+00
3.085000000000000000e+02,2.595439260124835279e+00
3.090000000000000000e+02,3.687811463463564809e+00
3.095000000000000000e+02,5.211255008864313254e+00
3.100000000000000000e+02,6.133381177887377689e+00
3.105000000000000000e+02,6.539050385770657670e+00
3.110000000000000000e+02,6.908989832928363661e+00
3.115000000000000000e+02,7.660904065302542421e+00
3.120000000000000000e+02,8.073254251386705604e+00
3.125000000000000000e+02,9.116604054989732475e+00
3.130000000000000000e+02,9.610123779463940252e+00
3.135000000000000000e+02,9.225007410778648165e+00
3.140000000000000000e+02,8.503337979526035539e+00
3.145000000000000000e+02,8.025766362240114304e+00
3.150000000000000000e+02,7.342001056904774892e+00
3.155000000000000000e+02,6.864034145612299298e+00
3.160000000000000000e+02,7.167864900267588268e+00
3.165000000000000000e+02,8.290806944007316659e+00
3.170000000000000000e+02,9.349858207397264920e+00
3.175000000000000000e+02,1.046847517979596986e+01
3.180000000000000000e+02,1.190565813140732843e+01
3.185000000000000000e+02,1.203848678743750433e+01
3.190000000000000000e+02,1.006829535060197145e+01
3.195000000000000000e+02,7.660995711665001373e+00
3.200000000000000000e+02,5.892546383348487460e+00
3.205000000000000000e+02,4.856832968711533027e+00
3.210000000000000000e+02,4.679283925328172167e+00
3.215000000000000000e+02,5.076290717310631528e+00
3.220000000000000000e+02,6.079912242126726873e+00
3.225000000000000000e+02,7.687990802254272893e+00
3.230000000000000000e+02,8.315711635835953075e+00
3.235000000000000000e+02,7.365631248625166272e+00
3.240000000000000000e+02,7.248730003416098633e+00
3.245000000000000000e+02,7.940631827749753846e+00
3.250000000000000000e+02,8.153738260160757534e+00
3.255000000000000000e+02,8.617844701064996116e+00
3.260000000000000000e+02,1.086149918148485938e+01
3.265000000000000000e+02,1.247405695044375484e+01
3.270000000000000000e+02,1.283059413271053195e+01
3.275000000000000000e+02,1.343850472674560592e+01
3.280000000000000000e+02,1.399908704346336208e+01
3.285000000000000000e+02,1.258697790022393370e+01
3.290000000000000000e+02,1.089273899763997022e+01
3.295000000000000000e+02,1.000313333868740528e+01
3.300000000000000000e+02,9.298631349649529199e+00
3.305000000000000000e+02,8.388010423303949636e+00
3.310000000000000000e+02,7.675711092044935846e+00
3.315000000000000000e+02,6.949806516870965289e+00
3.320000000000000000e+02,6.023638309338722685e+00
3.325000000000000000e+02,5.528843193300279957e+00
3.330000000000000000e+02,5.813322002318877857e+00
3.335000000000000000e+02,6.380152761682800211e+00
3.340000000000000000e+02,6.855743959776338770e+00
3.345000000000000000e+02,7.563835497817813724e+00
3.350000000000000000e+02,8.283692479181372192e+00
3.355000000000000000e+02,8.546754610873936286e+00
3.360000000000000000e+02,8.668996039313361379e+00
3.365000000000000000e+02,8.847126483536122521e+00
3.370000000000000000e+02,8.441052233848193254e+00
3.375000000000000000e+02,7.609257143080133901e+00
3.380000000000000000e+02,7.208683135817326892e+00
3.385000000000000000e+02,6.476111772730417826e+00
3.390000000000000000e+02,5.649442097914261218e+00
3.395000000000000000e+02,5.575048298154317905e+00
3.400000000000000000e+02,5.806651379520732625e+00
3.405000000000000000e+02,5.952418259908482945e+00
3.410000000000000000e+02,6.375344306802993799e+00
3.415000000000000000e+02,7.634080390766433410e+00
3.420000000000000000e+02,9.491755615687921477e+00
3.425000000000000000e+02,1.111477320842573846e+01
3.430000000000000000e+02,1.224203952990705524e+01
3.435000000000000000e+02,1.290134064397826563e+01
3.440000000000000000e+02,1.323732519178730804e+01
3.445000000000000000e+02,1.284673903196529210e+01
3.450000000000000000e+02,1.210850255880697546e+01
3.455000000000000000e+02,1.149376851293249402e+01
3.460000000000000000e+02,1.135890264484138434e+01
3.465000000000000000e+02,1.200120442882862193e+01
3.470000000000000000e+02,1.278337505006986952e+01
3.475000000000000000e+02,1.324199430573124481e+01
3.480000000000000000e+02,1.371335528755406052e+01
3.485000000000000000e+02,1.262082266967411925e+01
3.490000000000000000e+02,9.453647821387660244e+00
3.495000000000000000e+02,6.915952257552676841e+00
3.500000000000000000e+02,5.954832289216405172e+00
3.505000000000000000e+02,5.824069380120641348e+00
3.510000000000000000e+02,7.669257853823063797e+00
3.515000000000000000e+02,1.249387659587071298e+01
3.520000000000000000e+02,1.744666782395895055e+01
3.525000000000000000e+02,2.036762860346305715e+01
3.530000000000000000e+02,2.254548067145331558e+01
3.535000000000000000e+02,2.353255928026799282e+01
3.540000000000000000e+02,2.395844656103081149e+01
3.545000000000000000e+02,2.393460797152709674e+01
3.550000000000000000e+02,2.365306040352724892e+01
3.555000000000000000e+02,2.360522969928454273e+01
3.560000000000000000e+02,2.354171850584898351e+01
3.565000000000000000e+02,2.351113122913408304e+01
3.570000000000000000e+02,2.333565526309681459e+01
3.575000000000000000e+02,2.361540679317223734e+01
3.580000000000000000e+02,2.352640203149199039e+01
3.585000000000000000e+02,2.302303831218203811e+01
3.590000000000000000e+02,2.194973659393927790e+01
3.595000000000000000e+02,2.103211576792575599e+01
3.600000000000000000e+02,2.045166100665031905e+01
3.605000000000000000e+02,2.059400201639013162e+01
3.610000000000000000e+02,2.197510903472033661e+01
3.615000000000000000e+02,2.243097397052527953e+01
3.620000000000000000e+02,2.163035489924381949e+01
3.625000000000000000e+02,2.090608255746553823e+01
3.630000000000000000e+02,2.047655422503982692e+01
3.635000000000000000e+02,1.990753832099638387e+01
3.640000000000000000e+02,2.028335090062642720e+01
3.645000000000000000e+02,2.157422464595482836e+01
3.650000000000000000e+02,2.375051225113750775e+01
3.655000000000000000e+02,2.595155410567404530e+01
3.660000000000000000e+02,2.671684770538111309e+01
3.665000000000000000e+02,2.664340218798994897e+01
3.670000000000000000e+02,2.734680161418014421e+01
3.675000000000000000e+02,2.830491523513022756e+01
3.680000000000000000e+02,2.915813076565182982e+01
3.685000000000000000e+02,3.016139721943048002e+01
3.690000000000000000e+02,3.172714660073296855e+01
3.695000000000000000e+02,3.370850440138354998e+01
3.700000000000000000e+02,3.454469266512612080e+01
3.705000000000000000e+02,3.387318877453732568e+01
3.710000000000000000e+02,3.336742240359999556e+01
3.715000000000000000e+02,3.301745529098481313e+01
3.720000000000000000e+02,3.264192919323826203e+01
3.725000000000000000e+02,3.326610622901466030e+01
3.730000000000000000e+02,3.503487649579624019e+01
3.735000000000000000e+02,3.695171652061568324e+01
3.740000000000000000e+02,3.791318982620527578e+01
3.745000000000000000e+02,3.749792314534321491e+01
3.750000000000000000e+02,3.586786775492684853e+01
3.755000000000000000e+02,3.352104515665578788e+01
3.760000000000000000e+02,3.154953735840101459e+01
3.765000000000000000e+02,3.073533148694223982e+01
3.770000000000000000e+02,3.072252984055073810e+01
3.775000000000000000e+02,3.075272565360669574e+01
3.780000000000000000e+02,3.125005051908892284e+01
3.785000000000000000e+02,3.186485392592573618e+01
3.790000000000000000e+02,3.173300141998288737e+01
3.795000000000000000e+02,3.165628657521590128e+01
3.800000000000000000e+02,3.242591548604355012e+01
3.805000000000000000e+02,3.354671056364356474e+01
3.810000000000000000e+02,3.400282017879496976e+01
3.815000000000000000e+02,3.414700579857500884e+01
3.820000000000000000e+02,3.381925511419815678e+01
3.825000000000000000e+02,3.265212547831848156e+01
3.830000000000000000e+02,3.105679003491367141e+01
3.835000000000000000e+02,3.068744595333371805e+01
3.840000000000000000e+02,3.127053880532086438e+01
3.845000000000000000e+02,3.239624550154388061e+01
3.850000000000000000e+02,3.409543477513217624e+01
3.855000000000000000e+02,3.585838529075552117e+01
3.860000000000000000e+02,3.591008036476210208e+01
3.865000000000000000e+02,3.490799477231420411e+01
3.870000000000000000e+02,3.402956266008128949e+01
3.875000000000000000e+02,3.396680729359198381e+01
3.880000000000000000e+02,3.405858951507515542e+01
3.885000000000000000e+02,3.479960329786783291e+01
3.890000000000000000e+02,3.645573767656577502e+01
3.895000000000000000e+02,3.832337384496649690e+01
3.900000000000000000e+02,3.852885828210329322e+01
3.905000000000000000e+02,3.788496715374699875e+01
3.910000000000000000e+02,3.800396917271827135e+01
3.915000000000000000e+02,3.763613231876018972e+01
3.920000000000000000e+02,3.679023315793629223e+01
3.925000000000000000e+02,3.657418127551906650e+01
3.930000000000000000e+02,3.727979551844918404e+01
3.935000000000000000e+02,3.744406865296603115e+01
3.940000000000000000e+02,3.765344342987631165e+01
3.945000000000000000e+02,3.792495439520040179e+01
3.950000000000000000e+02,3.769548735498425884e+01
3.955000000000000000e+02,3.739549118019907326e+01
3.960000000000000000e+02,3.765709950768502523e+01
3.965000000000000000e+02,3.806773400620337355e+01
3.970000000000000000e+02,3.764610292786632328e+01
3.975000000000000000e+02,3.751217004599768501e+01
3.980000000000000000e+02,3.794272941286273237e+01
3.985000000000000000e+02,3.771403649963477278e+01
3.990000000000000000e+02,3.732379036658129223e+01
3.995000000000000000e+02,3.727526607579467566e+01
4.000000000000000000e+02,3.683754175057561753e+01
4.005000000000000000e+02,3.532572558037348642e+01
4.010000000000000000e+02,3.369364939655251590e+01
4.015000000000000000e+02,3.240230986403921065e+01
4.020000000000000000e+02,3.166798991498616189e+01
4.025000000000000000e+02,3.144093067867735769e+01
4.030000000000000000e+02,3.168760965860344925e+01
4.035000000000000000e+02,3.178883920253388595e+01
4.040000000000000000e+02,3.202558654068701571e+01
4.045000000000000000e+02,3.241980276185082488e+01
4.050000000000000000e+02,3.216001875379146213e+01
4.055000000000000000e+02,3.136429705478751373e+01
4.060000000000000000e+02,3.128700870015625313e+01
4.065000000000000000e+02,3.164214144501325521e+01
4.070000000000000000e+02,3.193478801416291901e+01
4.075000000000000000e+02,3.238917518124798534e+01
4.080000000000000000e+02,3.293083698716606023e+01
4.085000000000000000e+02,3.272750041543942956e+01
4.090000000000000000e+02,3.196608626466380798e+01
4.095000000000000000e+02,3.120925944574387145e+01
4.100000000000000000e+02,3.080876699235369642e+01
4.105000000000000000e+02,3.122291583385814917e+01
4.110000000000000000e+02,3.164568286571711653e+01
4.115000000000000000e+02,3.145665809210855812e+01
4.120000000000000000e+02,3.095417592760274061e+01
4.125000000000000000e+02,3.059755884014019855e+01
4.130000000000000000e+02,2.984953254909318332e+01
4.135000000000000000e+02,2.900382094293632207e+01
4.140000000000000000e+02,2.844437744072699914e+01
4.145000000000000000e+02,2.817468951327820648e+01
4.150000000000000000e+02,2.749341516452099654e+01
4.155000000000000000e+02,2.663096072119027369e+01
4.160000000000000000e+02,2.617599128782888585e+01
4.165000000000000000e+02,2.578493390384217676e+01
4.170000000000000000e+02,2.519674463212412974e+01
4.175000000000000000e+02,2.474621933305420995e+01
4.180000000000000000e+02,2.425657719333432638e+01
4.185000000000000000e+02,2.387500557814648872e+01
4.190000000000000000e+02,2.355533822628028773e+01
4.195000000000000000e+02,2.343147428834530643e+01
4.200000000000000000e+02,2.365924151969168321e+01
4.205000000000000000e+02,2.402427168446703831e+01
4.210000000000000000e+02,2.466828493169354530e+01
4.215000000000000000e+02,2.552101375272813755e+01
4.220000000000000000e+02,2.615861316820618399e+01
4.225000000000000000e+02,2.628592868692136619e+01
4.230000000000000000e+02,2.634814706422368857e+01
4.235000000000000000e+02,2.642859463554859190e+01
4.240000000000000000e+02,2.631069366680434740e+01
4.245000000000000000e+02,2.608673889328545670e+01
4.250000000000000000e+02,2.623498020772403905e+01
4.255000000000000000e+02,2.680574627104416763e+01
4.260000000000000000e+02,2.685593088797202910e+01
4.265000000000000000e+02,2.691902282910803024e+01
4.270000000000000000e+02,2.728148552143924732e+01
4.275000000000000000e+02,2.745112505999469121e+01
4.280000000000000000e+02,2.702329262435877055e+01
4.285000000000000000e+02,2.660967275484265571e+01
4.290000000000000000e+02,2.656960182672143489e+01
4.295000000000000000e+02,2.660116080753037693e+01
4.300000000000000000e+02,2.653612804448524187e+01
4.305000000000000000e+02,2.660731783040052179e+01
4.310000000000000000e+02,2.686126579802679970e+01
4.315000000000000000e+02,2.673766302006434614e+01
4.320000000000000000e+02,2.631891572620412845e+01
4.325000000000000000e+02,2.605751590558052655e+01
4.330000000000000000e+02,2.595173526224986915e+01
4.335000000000000000e+02,2.571087235301784801e+01
4.340000000000000000e+02,2.508084165272552823e+01
4.345000000000000000e+02,2.393028036335688924e+01
4.350000000000000000e+02,2.275595411617268127e+01
4.355000000000000000e+02,2.147716600032181233e+01
4.360000000000000000e+02,2.018777251432662467e+01
4.365000000000000000e+02,1.943570915223095952e+01
4.370000000000000000e+02,1.916135202352200295e+01
4.375000000000000000e+02,1.876589539227104453e+01
4.380000000000000000e+02,1.854189069250592325e+01
4.385000000000000000e+02,1.847646733584402767e+01
4.390000000000000000e+02,1.846047858761246729e+01
4.395000000000000000e+02,1.847870021770622984e+01
4.400000000000000000e+02,1.867457775904123807e+01
4.405000000000000000e+02,1.880562332763227573e+01
4.410000000000000000e+02,1.864345918911050859e+01
4.415000000000000000e+02,1.832026661882801122e+01
4.420000000000000000e+02,1.802245810308489737e+01
4.425000000000000000e+02,1.763592565742286666e+01
4.430000000000000000e+02,1.712192748394501862e+01
4.435000000000000000e+02,1.657738324408964559e+01
4.440000000000000000e+02,1.606855444445062275e+01
4.445000000000000000e+02,1.568413069479722743e+01
4.450000000000000000e+02,1.538651260591846714e+01
4.455000000000000000e+02,1.541347111634199862e+01
4.460000000000000000e+02,1.578987736656416452e+01
4.465000000000000000e+02,1.603127144230516166e+01
4.470000000000000000e+02,1.617031389884919790e+01
4.475000000000000000e+02,1.626005928650298671e+01
4.480000000000000000e+02,1.598210970919378227e+01
4.485000000000000000e+02,1.567304536428867046e+01
4.490000000000000000e+02,1.556376416805559337e+01
4.495000000000000000e+02,1.535014544357029287e+01
4.500000000000000000e+02,1.503454424179332882e+01
4.505000000000000000e+02,1.482185367846583190e+01
4.510000000000000000e+02,1.447577011195065566e+01
4.515000000000000000e+02,1.395972457250521970e+01
4.520000000000000000e+02,1.354415616411986889e+01
4.525000000000000000e+02,1.328284125577109620e+01
4.530000000000000000e+02,1.308368499201585067e+01
4.535000000000000000e+02,1.306472231260552874e+01
4.540000000000000000e+02,1.331404403678476989e+01
4.545000000000000000e+02,1.367584398727430894e+01
4.550000000000000000e+02,1.391445654984563518e+01
4.555000000000000000e+02,1.386471862723503712e+01
4.560000000000000000e+02,1.376774890248951877e+01
4.565000000000000000e+02,1.356053936134297722e+01
4.570000000000000000e+02,1.309603528850686338e+01
4.575000000000000000e+02,1.271954724394754344e+01
4.580000000000000000e+02,1.278886324655594464e+01
4.585000000000000000e+02,1.289480137908145885e+01
4.590000000000000000e+02,1.300108581582809997e+01
4.595000000000000000e+02,1.317363996578818686e+01
4.600000000000000000e+02,1.320158338850701796e+01
4.605000000000000000e+02,1.311341338211162189e+01
4.610000000000000000e+02,1.305874510405610422e+01
4.615000000000000000e+02,1.285069846502377899e+01
4.620000000000000000e+02,1.273783009711308445e+01
4.625000000000000000e+02,1.284385420858796856e+01
4.630000000000000000e+02,1.277322346723794766e+01
4.635000000000000000e+02,1.259413895484645352e+01
4.640000000000000000e+02,1.244232083469604611e+01
4.645000000000000000e+02,1.230134447579994017e+01
4.650000000000000000e+02,1.218367157461709560e+01
4.655000000000000000e+02,1.229185132768316890e+01
4.660000000000000000e+02,1.239826063282715474e+01
4.665000000000000000e+02,1.260118970537483740e+01
4.670000000000000000e+02,1.294106909249525827e+01
4.675000000000000000e+02,1.338911630202548686e+01
4.680000000000000000e+02,1.375965675808218691e+01
4.685000000000000000e+02,1.398367813043358510e+01
4.690000000000000000e+02,1.417975807188318349e+01
4.695000000000000000e+02,1.430661652301540343e+01
4.700000000000000000e+02,1.423290508611880512e+01
4.705000000000000000e+02,1.408517945978879915e+01
4.710000000000000000e+02,1.408299553356746081e+01
4.715000000000000000e+02,1.419955500916118751e+01
4.720000000000000000e+02,1.429657776652583934e+01
4.725000000000000000e+02,1.451192899861547225e+01
4.730000000000000000e+02,1.483076513001608454e+01
4.735000000000000000e+02,1.504913677115409243e+01
4.740000000000000000e+02,1.524383717842649766e+01
4.745000000000000000e+02,1.552999728383143641e+01
4.750000000000000000e+02,1.565480009508614678e+01
4.755000000000000000e+02,1.560205715475974309e+01
4.760000000000000000e+02,1.569092466775732220e+01
4.765000000000000000e+02,1.583471352412294308e+01
4.770000000000000000e+02,1.591649849983535425e+01
4.775000000000000000e+02,1.617502395222679468e+01
4.780000000000000000e+02,1.665457533899072828e+01
4.785000000000000000e+02,1.706772016903185119e+01
4.790000000000000000e+02,1.728550780640997075e+01
4.795000000000000000e+02,1.740555308652853128e+01
4.800000000000000000e+02,1.762281864593312974e+01
4.805000000000000000e+02,1.788177998280917436e+01
4.810000000000000000e+02,1.798854746749331213e+01
4.815000000000000000e+02,1.803436843674282386e+01
4.820000000000000000e+02,1.809432055907102210e+01
4.825000000000000000e+02,1.805139443814932676e+01
4.830000000000000000e+02,1.808182040460128448e+01
4.835000000000000000e+02,1.825784708514396470e+01
4.840000000000000000e+02,1.834006872471762151e+01
4.845000000000000000e+02,1.841812792151143796e+01
4.850000000000000000e+02,1.854037738362571019e+01
4.855000000000000000e+02,1.866375788186747897e+01
4.860000000000000000e+02,1.883758240592066713e+01
4.865000000000000000e+02,1.908020351630115030e+01
4.870000000000000000e+02,1.929898955468383548e+01
4.875000000000000000e+02,1.944143599633250830e+01
4.880000000000000000e+02,1.934957048220023523e+01
4.885000000000000000e+02,1.898891446993411947e+01
4.890000000000000000e+02,1.859114504676690061e+01
4.895000000000000000e+02,1.803029363951454656e+01
4.900000000000000000e+02,1.717502846033204733e+01
4.905000000000000000e+02,1.622160255908433157e+01
4.910000000000000000e+02,1.517502182610259709e+01
4.915000000000000000e+02,1.385687777920748331e+01
4.920000000000000000e+02,1.236466203504854100e+01
4.925000000000000000e+02,1.077648882572512612e+01
4.930000000000000000e+02,9.095137446126013714e+00
4.935000000000000000e+02,7.442875478122861210e+00
4.940000000000000000e+02,5.931992430850808518e+00
4.945000000000000000e+02,4.600563818269725047e+00
4.950000000000000000e+02,3.496607848423166409e+00
4.955000000000000000e+02,2.637527894764017056e+00
4.960000000000000000e+02,1.982828859257081744e+00
4.965000000000000000e+02,1.483709551147038397e+00
4.970000000000000000e+02,1.118152167131932107e+00
4.975000000000000000e+02,8.589888831140711778e-01
4.980000000000000000e+02,6.798291228457146174e-01
4.985000000000000000e+02,5.586276980871738296e-01
4.990000000000000000e+02,4.810754307383348083e-01
4.995000000000000000e+02,4.310924295442916665e-01
5.000000000000000000e+02,3.942688761529538066e-01
5.005000000000000000e+02,3.624387294430154172e-01
5.010000000000000000e+02,3.356232652381784254e-01
5.015000000000000000e+02,3.136801782205966838e-01
5.020000000000000000e+02,2.943389486887403872e-01
5.025000000000000000e+02,2.762128518221186324e-01
5.030000000000000000e+02,2.625268183425414903e-01
5.035000000000000000e+02,2.539240396767770691e-01
5.040000000000000000e+02,2.457785483270741589e-01
5.045000000000000000e+02,2.386241568016994052e-01
5.050000000000000000e+02,2.344302736779011742e-01
5.055000000000000000e+02,2.291053891046910540e-01
5.060000000000000000e+02,2.217921946016065404e-01
5.065000000000000000e+02,2.157434305216902604e-01
5.070000000000000000e+02,2.082510174432649908e-01
5.075000000000000000e+02,1.985056851068875416e-01
5.080000000000000000e+02,1.886538600611200045e-01
5.085000000000000000e+02,1.798253514996591140e-01
5.090000000000000000e+02,1.710352484013134833e-01
5.095000000000000000e+02,1.609408695786106458e-01
5.100000000000000000e+02,1.506767818872389586e-01
5.105000000000000000e+02,1.434893257918529730e-01
5.110000000000000000e+02,1.396472387656391423e-01
5.115000000000000000e+02,1.378551322073104379e-01
5.120000000000000000e+02,1.371528355590973525e-01
5.125000000000000000e+02,1.358192690509716360e-01
5.130000000000000000e+02,1.327835379542569028e-01
5.135000000000000000e+02,1.262196539515596794e-01
5.140000000000000000e+02,1.166061363481098179e-01
5.145000000000000000e+02,1.081785020181088436e-01
5.150000000000000000e+02,1.033092915177727250e-01
5.155000000000000000e+02,9.956515203772973999e-02
5.160000000000000000e+02,9.594891321771129022e-02
5.165000000000000000e+02,9.473125734863606373e-02
5.170000000000000000e+02,9.265477092151333527e-02
5.175000000000000000e+02,8.921213263396114701e-02
5.180000000000000000e+02,8.798204288460800826e-02
5.185000000000000000e+02,8.662094309272691528e-02
5.190000000000000000e+02,8.213987672982499266e-02
5.195000000000000000e+02,7.879219677639243136e-02
5.200000000000000000e+02,7.370196977068271815e-02
5.205000000000000000e+02,6.707166983526842430e-02
5.210000000000000000e+02,6.452769470747499181e-02
5.215000000000000000e+02,6.633410755770487166e-02
5.220000000000000000e+02,6.768429394486852324e-02
5.225000000000000000e+02,6.770495880168675429e-02
5.230000000000000000e+02,6.797121451124150948e-02
5.235000000000000000e+02,6.739387033083334144e-02
5.240000000000000000e+02,6.723038890055618721e-02
5.245000000000000000e+02,6.826837014401704318e-02
5.250000000000000000e+02,6.884860223412037072e-02
5.255000000000000000e+02,6.905560784780567785e-02
5.260000000000000000e+02,6.784939222078568977e-02
5.265000000000000000e+02,6.521877331573840142e-02
5.270000000000000000e+02,6.283581617971877031e-02
5.275000000000000000e+02,6.130550274438820862e-02
5.280000000000000000e+02,6.036433989235737152e-02
5.285000000000000000e+02,6.140786133486857146e-02
5.290000000000000000e+02,6.321993165611079768e-02
5.295000000000000000e+02,6.642760819232688962e-02
5.300000000000000000e+02,6.710630204361348050e-02
5.305000000000000000e+02,6.455885282730730590e-02
5.310000000000000000e+02,6.244409213273643261e-02
5.315000000000000000e+02,5.657480727748116084e-02
5.320000000000000000e+02,4.919331118432401090e-02
5.325000000000000000e+02,4.695209108141193410e-02
5.330000000000000000e+02,4.785381185215270561e-02
5.335000000000000000e+02,5.044436338611044818e-02
5.340000000000000000e+02,5.546270865152525681e-02
5.345000000000000000e+02,5.893223709479505218e-02
5.350000000000000000e+02,5.905938625912777323e-02
5.355000000000000000e+02,5.732830383365079829e-02
5.360000000000000000e+02,4.324930176960962991e-02
5.365000000000000000e+02,1.931338346671247416e-02
5.370000000000000000e+02,4.011534877229063455e-03
5.375000000000000000e+02,-3.653218544381648877e-03
5.380000000000000000e+02,-8.691154048496742626e-03
5.385000000000000000e+02,4.065377816427073743e-03
5.390000000000000000e+02,2.372911626259217172e-02
5.395000000000000000e+02,3.125027792919529007e-02
5.400000000000000000e+02,3.702635905052853449e-02
5.405000000000000000e+02,4.001793317040359260e-02
5.410000000000000000e+02,3.995849447659050729e-02
5.415000000000000000e+02,4.059639970280793514e-02
5.420000000000000000e+02,4.050396533152362394e-02
5.425000000000000000e+02,3.844070212870476927e-02
5.430000000000000000e+02,3.647689152320428979e-02
5.435000000000000000e+02,3.345438475325223510e-02
5.440000000000000000e+02,2.999744635320699890e-02
5.445000000000000000e+02,2.842408652943815422e-02
5.450000000000000000e+02,2.838711847950509473e-02
5.455000000000000000e+02,2.876517813417410821e-02
5.460000000000000000e+02,3.098960475750368870e-02
5.465000000000000000e+02,3.373729526596607603e-02
5.470000000000000000e+02,3.279292613300000686e-02
5.475000000000000000e+02,3.067678554875282945e-02
5.480000000000000000e+02,3.299469493545882648e-02
5.485000000000000000e+02,3.514677860164316936e-02
5.490000000000000000e+02,3.516732020646325119e-02
5.495000000000000000e+02,3.677125685836111352e-02
5.500000000000000000e+02,3.848049599633518447e-02
5.505000000000000000e+02,3.821900035750552121e-02
5.510000000000000000e+02,3.846463619708297837e-02
5.515000000000000000e+02,3.955350145689122410e-02
5.520000000000000000e+02,3.926097994310690648e-02
5.525000000000000000e+02,3.725628866157573715e-02
5.530000000000000000e+02,3.430256548049728099e-02
5.535000000000000000e+02,3.114444680722344705e-02
5.540000000000000000e+02,2.948721469033555725e-02
5.545000000000000000e+02,3.005328688373047272e-02
5.550000000000000000e+02,3.128376532023122852e-02
5.555000000000000000e+02,3.253884631882570516e-02
5.560000000000000000e+02,3.421219141427325749e-02
5.565000000000000000e+02,3.357430623209713139e-02
5.570000000000000000e+02,3.215381795168366363e-02
5.575000000000000000e+02,3.321168441793700271e-02
5.580000000000000000e+02,3.455276327105764878e-02
5.585000000000000000e+02,3.595395428218753353e-02
5.590000000000000000e+02,3.672481819826860922e-02
5.595000000000000000e+02,3.567169675539676871e-02
5.600000000000000000e+02,3.469336454715827439e-02
5.605000000000000000e+02,3.115238897335964943e-02
5.610000000000000000e+02,2.329391802103007378e-02
5.615000000000000000e+02,1.779224324425389414e-02
5.620000000000000000e+02,1.554462163689571824e-02
5.625000000000000000e+02,1.386872874355825694e-02
5.630000000000000000e+02,1.647925603901697136e-02
5.635000000000000000e+02,2.170244019231312022e-02
5.640000000000000000e+02,2.322202011543382169e-02
5.645000000000000000e+02,2.196162553292563963e-02
5.650000000000000000e+02,2.032727363910295099e-02
5.655000000000000000e+02,1.839012856531983126e-02
5.660000000000000000e+02,1.727575450973889079e-02
5.665000000000000000e+02,1.699617653428837569e-02
5.670000000000000000e+02,1.589913862352405199e-02
5.675000000000000000e+02,1.571321095749827687e-02
5.680000000000000000e+02,1.830219183757307924e-02
5.685000000000000000e+02,2.280571850857653765e-02
5.690000000000000000e+02,2.682699165116126175e-02
5.695000000000000000e+02,3.014553099500029074e-02
5.700000000000000000e+02,3.218843993038920936e-02
5.705000000000000000e+02,3.183004858593785347e-02
5.710000000000000000e+02,2.981884773144301976e-02
5.715000000000000000e+02,2.855015511003078724e-02
5.720000000000000000e+02,2.721440251191278512e-02
5.725000000000000000e+02,2.590330301927800533e-02
5.730000000000000000e+02,2.536083938787538766e-02
5.735000000000000000e+02,2.479547423148960664e-02
5.740000000000000000e+02,2.465693329648037044e-02
5.745000000000000000e+02,2.373241620278748396e-02
5.750000000000000000e+02,1.899397503765892781e-02
5.755000000000000000e+02,1.262555756575344142e-02
5.760000000000000000e+02,9.170264088839679556e-03
5.765000000000000000e+02,8.471042126694852334e-03
5.770000000000000000e+02,1.165876162580412392e-02
5.775000000000000000e+02,1.775826775151284273e-02
5.780000000000000000e+02,2.364558194766758215e-02
5.785000000000000000e+02,2.766265513147474209e-02
5.790000000000000000e+02,2.877708448766644680e-02
5.795000000000000000e+02,2.924943019077286613e-02
5.800000000000000000e+02,3.023967498642488039e-02
5.805000000000000000e+02,2.965989122080548920e-02
5.810000000000000000e+02,2.916723118385390265e-02
5.815000000000000000e+02,3.018724221814159114e-02
5.820000000000000000e+02,3.029349738284946650e-02
5.825000000000000000e+02,2.904839497937055162e-02
5.830000000000000000e+02,2.763499746423794465e-02
5.835000000000000000e+02,2.668453551610273575e-02
5.840000000000000000e+02,2.455340284254176053e-02
5.845000000000000000e+02,2.316218513608536353e-02
5.850000000000000000e+02,2.485162288091772795e-02
5.855000000000000000e+02,2.644536460242723902e-02
5.860000000000000000e+02,2.736279759420260499e-02
5.865000000000000000e+02,2.965942287531416616e-02
5.870000000000000000e+02,3.041544537492879910e-02
5.875000000000000000e+02,2.959110884956527368e-02
5.880000000000000000e+02,2.956471071677716986e-02
5.885000000000000000e+02,2.724470103255477449e-02
5.890000000000000000e+02,2.235480148703421904e-02
5.895000000000000000e+02,1.963329575897689028e-02
5.900000000000000000e+02,1.888175270950460602e-02
5.905000000000000000e+02,1.838296416762444027e-02
5.910000000000000000e+02,1.785979807210898163e-02
5.915000000000000000e+02,1.790583342543805578e-02
5.920000000000000000e+02,1.794903290918856142e-02
5.925000000000000000e+02,1.774673137908485548e-02
5.930000000000000000e+02,1.853872880802183779e-02
5.935000000000000000e+02,1.841121713429893364e-02
5.940000000000000000e+02,1.684836416870133177e-02
5.945000000000000000e+02,1.599695978447403938e-02
5.950000000000000000e+02,1.566634251033510380e-02
5.955000000000000000e+02,1.605492861367095389e-02
5.960000000000000000e+02,1.845387039625914077e-02
5.965000000000000000e+02,2.016174280158215468e-02
5.970000000000000000e+02,1.948728428588859807e-02
5.975000000000000000e+02,1.857544817762864231e-02
5.980000000000000000e+02,1.794693457021982394e-02
5.985000000000000000e+02,1.730606921587665714e-02
5.990000000000000000e+02,1.690025089208353412e-02
5.995000000000000000e+02,1.708832907086800176e-02
6.000000000000000000e+02,1.899223059973681807e-02
6.005000000000000000e+02,2.002632353915867122e-02
6.010000000000000000e+02,1.968556726976761206e-02
6.015000000000000000e+02,1.882781809512394655e-02
6.020000000000000000e+02,1.645053383274874131e-02
6.025000000000000000e+02,1.351659240551602095e-02
6.030000000000000000e+02,1.199171424523890091e-02
6.035000000000000000e+02,1.252913274871896021e-02
6.040000000000000000e+02,1.429519729162430884e-02
6.045000000000000000e+02,1.698828004701500444e-02
6.050000000000000000e+02,2.181088116060601531e-02
6.055000000000000000e+02,2.435216650221143364e-02
6.060000000000000000e+02,2.546907396058662593e-02
6.065000000000000000e+02,2.670385244440397904e-02
6.070000000000000000e+02,2.586827950593796957e-02
6.075000000000000000e+02,2.493358093115606230e-02
6.080000000000000000e+02,2.510742504543760426e-02
6.085000000000000000e+02,2.560036268418301036e-02
6.090000000000000000e+02,2.557421258141246920e-02
6.095000000000000000e+02,2.491307648592456722e-02
6.100000000000000000e+02,2.477112258905595291e-02
6.105000000000000000e+02,2.392246173030164111e-02
6.110000000000000000e+02,2.229321716345438950e-02
6.115000000000000000e+02,2.156732065224611222e-02
6.120000000000000000e+02,1.903186810983103355e-02
6.125000000000000000e+02,1.627011635082873872e-02
6.130000000000000000e+02,1.399597053794329402e-02
6.135000000000000000e+02,1.325973720653432671e-02
6.140000000000000000e+02,1.635232958009683046e-02
6.145000000000000000e+02,2.063306220848761668e-02
6.150000000000000000e+02,2.417163652029080331e-02
6.155000000000000000e+02,2.719346195650984913e-02
6.160000000000000000e+02,2.745826213796581303e-02
6.165000000000000000e+02,2.484202072732969585e-02
6.170000000000000000e+02,2.162887740968599815e-02
6.175000000000000000e+02,1.801573998965719930e-02
6.180000000000000000e+02,1.517760225259495895e-02
6.185000000000000000e+02,1.443002953074491897e-02
6.190000000000000000e+02,1.545038849945879790e-02
6.195000000000000000e+02,1.720443255450452083e-02
6.200000000000000000e+02,1.926376088309576448e-02
6.205000000000000000e+02,1.972194551497454679e-02
6.210000000000000000e+02,1.759819357575401547e-02
6.215000000000000000e+02,1.681174516860589607e-02
6.220000000000000000e+02,1.855934975606833223e-02
6.225000000000000000e+02,2.126276255292551889e-02
6.230000000000000000e+02,2.563234112835386172e-02
6.235000000000000000e+02,3.056463543724011883e-02
6.240000000000000000e+02,3.323062800766122399e-02
6.245000000000000000e+02,3.329891837242641983e-02
6.250000000000000000e+02,3.062139248905725031e-02
6.255000000000000000e+02,2.600472299923488675e-02
6.260000000000000000e+02,2.265241464897185114e-02
6.265000000000000000e+02,2.173660172765159646e-02
6.270000000000000000e+02,2.273711779351366910e-02
6.275000000000000000e+02,2.546125764828936419e-02
6.280000000000000000e+02,2.831383278949999374e-02
6.285000000000000000e+02,3.045288287401573882e-02
6.290000000000000000e+02,3.187913144751122058e-02
6.295000000000000000e+02,3.299297922224905116e-02
6.300000000000000000e+02,3.407298900498374056e-02
6.305000000000000000e+02,3.418967333452540419e-02
6.310000000000000000e+02,3.328219052669961070e-02
6.315000000000000000e+02,3.155703496467490016e-02
6.320000000000000000e+02,2.935775481766501882e-02
6.325000000000000000e+02,2.911727828068463864e-02
6.330000000000000000e+02,2.951555330933909940e-02
6.335000000000000000e+02,3.024467511165287309e-02
6.340000000000000000e+02,3.195960531020946432e-02
6.345000000000000000e+02,3.099730564709386738e-02
6.350000000000000000e+02,2.998422099487612139e-02
6.355000000000000000e+02,3.089770114546728022e-02
6.360000000000000000e+02,3.163019222087132959e-02
6.365000000000000000e+02,3.351380371494817184e-02
6.370000000000000000e+02,3.553221521622487028e-02
6.375000000000000000e+02,3.631260958294377922e-02
6.380000000000000000e+02,3.715239514724811426e-02
6.385000000000000000e+02,3.645843721246164182e-02
6.390000000000000000e+02,3.519710659553103305e-02
6.395000000000000000e+02,3.515244341669989531e-02
6.400000000000000000e+02,3.602768055015750925e-02
6.405000000000000000e+02,3.837526978356905344e-02
6.410000000000000000e+02,4.098528173057565394e-02
6.415000000000000000e+02,4.232126490503883981e-02
6.420000000000000000e+02,4.294660706013664342e-02
6.425000000000000000e+02,4.227609998963578058e-02
6.430000000000000000e+02,4.215398474562817577e-02
6.435000000000000000e+02,4.308310653303122628e-02
6.440000000000000000e+02,4.291646238316514095e-02
6.445000000000000000e+02,4.199497468351467283e-02
6.450000000000000000e+02,3.961957407734571085e-02
6.455000000000000000e+02,3.566242433525761146e-02
6.460000000000000000e+02,3.344577900519590113e-02
6.465000000000000000e+02,3.238698797870341595e-02
6.470000000000000000e+02,3.187850184321892877e-02
6.475000000000000000e+02,3.261362698041734426e-02
6.480000000000000000e+02,3.195020022603411308e-02
6.485000000000000000e+02,3.069532315976520112e-02
6.490000000000000000e+02,2.931514174689682159e-02
6.495000000000000000e+02,2.637818790938046762e-02
6.500000000000000000e+02,2.101201505306166811e-02
6.505000000000000000e+02,1.119548082414340527e-02
6.510000000000000000e+02,3.377386114094255327e-03
6.515000000000000000e+02,1.204555754224069216e-03
6.520000000000000000e+02,2.463555883456550188e-03
6.525000000000000000e+02,1.190528431135612179e-02
6.530000000000000000e+02,2.173568894647226468e-02
6.535000000000000000e+02,2.503055676113652775e-02
6.540000000000000000e+02,2.586779502560373339e-02
6.545000000000000000e+02,2.505690537430681208e-02
6.550000000000000000e+02,2.318699288232207653e-02
6.555000000000000000e+02,2.272660560687697964e-02
6.560000000000000000e+02,2.257856419158878539e-02
6.565000000000000000e+02,2.149581362500883885e-02
6.570000000000000000e+02,2.042499860191381716e-02
6.575000000000000000e+02,1.868030574600763188e-02
6.580000000000000000e+02,1.727650639311636635e-02
6.585000000000000000e+02,1.670019312613091680e-02
6.590000000000000000e+02,1.655671527069637466e-02
6.595000000000000000e+02,1.643055117688548006e-02
6.600000000000000000e+02,1.461842697569593411e-02
6.605000000000000000e+02,1.258205236041444290e-02
6.610000000000000000e+02,1.246205296060654694e-02
6.615000000000000000e+02,1.313140866243070644e-02
6.620000000000000000e+02,1.534620647685849305e-02
6.625000000000000000e+02,1.913473410220997012e-02
6.630000000000000000e+02,2.101394733581677179e-02
6.635000000000000000e+02,2.091453620270299421e-02
6.640000000000000000e+02,2.183777639311229937e-02
6.645000000000000000e+02,2.189352348999726999e-02
6.650000000000000000e+02,2.131789495590890454e-02
6.655000000000000000e+02,2.176242189952129827e-02
6.660000000000000000e+02,2.161267128213026703e-02
6.665000000000000000e+02,2.078463527368690222e-02
6.670000000000000000e+02,1.961144458511426131e-02
6.675000000000000000e+02,1.890148524702747398e-02
6.680000000000000000e+02,1.962182893560152422e-02
6.685000000000000000e+02,1.911081510926354241e-02
6.690000000000000000e+02,1.869033673880094587e-02
6.695000000000000000e+02,1.885799777326139723e-02
6.700000000000000000e+02,1.749268147278323568e-02
6.705000000000000000e+02,1.537017486912061089e-02
6.710000000000000000e+02,1.471012046833860762e-02
6.715000000000000000e+02,1.467706458984400185e-02
6.720000000000000000e+02,1.460188327953207237e-02
6.725000000000000000e+02,1.638111055711952146e-02
6.730000000000000000e+02,1.909692998656479027e-02
6.735000000000000000e+02,2.089773424532164608e-02
6.740000000000000000e+02,2.215506495413996010e-02
6.745000000000000000e+02,2.370261396667796075e-02
6.750000000000000000e+02,2.544256900542585936e-02
6.755000000000000000e+02,2.614125759938910887e-02
6.760000000000000000e+02,2.450342650059521635e-02
6.765000000000000000e+02,2.279252811546437357e-02
6.770000000000000000e+02,2.231825117364483885e-02
6.775000000000000000e+02,2.119365682336697351e-02
6.780000000000000000e+02,1.995525239191870900e-02
6.785000000000000000e+02,1.810910642356441946e-02
6.790000000000000000e+02,1.508163210965799729e-02
6.795000000000000000e+02,1.259059988771953076e-02
6.800000000000000000e+02,1.214080892819720953e-02
6.805000000000000000e+02,1.452446436635808705e-02
6.810000000000000000e+02,1.699769221492612378e-02
6.815000000000000000e+02,1.768400586603373001e-02
6.820000000000000000e+02,1.782075853674140384e-02
6.825000000000000000e+02,1.704591537869631218e-02
6.830000000000000000e+02,1.688032655216046424e-02
6.835000000000000000e+02,1.885567041822568124e-02
6.840000000000000000e+02,2.100904681974743657e-02
6.845000000000000000e+02,2.328901417738816343e-02
6.850000000000000000e+02,2.604085327846047265e-02
6.855000000000000000e+02,2.847660997664279089e-02
6.860000000000000000e+02,3.004806319158643407e-02
6.865000000000000000e+02,3.002078172243007395e-02
6.870000000000000000e+02,2.844863213899289159e-02
6.875000000000000000e+02,2.461351072755882732e-02
6.880000000000000000e+02,2.018131912551563226e-02
6.885000000000000000e+02,1.739373114575182289e-02
6.890000000000000000e+02,1.713532970261853056e-02
6.895000000000000000e+02,1.768810044545399141e-02
6.900000000000000000e+02,1.956143303360695015e-02
6.905000000000000000e+02,1.974281596281878340e-02
6.910000000000000000e+02,1.836507481182078974e-02
6.915000000000000000e+02,1.755630746373304518e-02
6.920000000000000000e+02,1.756443451665866753e-02
6.925000000000000000e+02,1.986688862515847281e-02
6.930000000000000000e+02,2.390791602860083825e-02
6.935000000000000000e+02,2.671483286381307401e-02
6.940000000000000000e+02,2.756723263470058777e-02
6.945000000000000000e+02,2.681118038703811379e-02
6.950000000000000000e+02,2.653912489645095588e-02
6.955000000000000000e+02,2.713689529282593133e-02
6.960000000000000000e+02,2.759762749786489819e-02
6.965000000000000000e+02,2.697277132048086709e-02
6.970000000000000000e+02,2.457496000148483295e-02
6.975000000000000000e+02,1.954746056280113817e-02
6.980000000000000000e+02,1.669278994865231597e-02
6.985000000000000000e+02,1.794741102419526030e-02
6.990000000000000000e+02,1.979432010142068502e-02
6.995000000000000000e+02,2.089336885231961663e-02
7.000000000000000000e+02,2.100693152848470691e-02
7.005000000000000000e+02,1.943993154913548072e-02
7.010000000000000000e+02,1.792527599549312983e-02
7.015000000000000000e+02,1.741088190218182535e-02
7.020000000000000000e+02,1.820705790450257572e-02
7.025000000000000000e+02,1.840455756876046775e-02
7.030000000000000000e+02,1.615830953766845407e-02
7.035000000000000000e+02,1.480538620822854576e-02
7.040000000000000000e+02,1.289221433219291980e-02
7.045000000000000000e+02,1.234130227203988905e-02
7.050000000000000000e+02,1.572112379822631495e-02
7.055000000000000000e+02,1.886045980162356916e-02
7.060000000000000000e+02,2.123423456963223835e-02
7.065000000000000000e+02,2.247316419495659634e-02
7.070000000000000000e+02,1.997651869664640589e-02
7.075000000000000000e+02,1.828438773790516322e-02
7.080000000000000000e+02,1.857348884916248249e-02
7.085000000000000000e+02,1.782881225809995057e-02
7.090000000000000000e+02,1.662946817390725807e-02
7.095000000000000000e+02,1.638040675435216073e-02
7.100000000000000000e+02,1.589455906628851889e-02
7.105000000000000000e+02,1.575991656863330245e-02
7.110000000000000000e+02,1.762585348857449719e-02
7.115000000000000000e+02,2.038770201975232885e-02
7.120000000000000000e+02,2.140149092621911053e-02
7.125000000000000000e+02,1.981235496037724378e-02
7.130000000000000000e+02,1.912200426788595101e-02
7.135000000000000000e+02,1.870652767455966564e-02
7.140000000000000000e+02,1.698047551250649739e-02
7.145000000000000000e+02,1.633903128654420195e-02
7.150000000000000000e+02,1.740624285637983396e-02
7.155000000000000000e+02,1.816423253800297094e-02
7.160000000000000000e+02,1.830494658145865108e-02
7.165000000000000000e+02,1.879878944051077694e-02
7.170000000000000000e+02,1.945261458899199408e-02
7.175000000000000000e+02,1.832837556682875152e-02
7.180000000000000000e+02,1.696964260962607884e-02
7.185000000000000000e+02,1.682265324908875648e-02
7.190000000000000000e+02,1.717614675414536052e-02
7.195000000000000000e+02,1.665728955487440904e-02
7.200000000000000000e+02,1.664180494012917552e-02
7.205000000000000000e+02,1.752423771520933080e-02
7.210000000000000000e+02,1.811963236345589395e-02
7.215000000000000000e+02,1.859939784881165653e-02
7.220000000000000000e+02,1.944182996521668511e-02
7.225000000000000000e+02,1.909946424105899571e-02
7.230000000000000000e+02,1.521089488621587063e-02
7.235000000000000000e+02,1.293766760055675875e-02
7.240000000000000000e+02,1.370562826299158432e-02
7.245000000000000000e+02,1.416179828891241110e-02
7.250000000000000000e+02,1.635872229180086040e-02
7.255000000000000000e+02,1.985406512913718072e-02
7.260000000000000000e+02,1.934232767341066000e-02
7.265000000000000000e+02,1.880803855828962548e-02
7.270000000000000000e+02,2.167360032603815947e-02
7.275000000000000000e+02,2.379438756419828549e-02
7.280000000000000000e+02,2.369693387863919254e-02
7.285000000000000000e+02,2.326236742740860411e-02
7.290000000000000000e+02,1.986353725081380084e-02
7.295000000000000000e+02,1.494113228259109048e-02
7.300000000000000000e+02,1.320676011582228374e-02
7.305000000000000000e+02,1.405756474543831680e-02
7.310000000000000000e+02,1.552665368619051724e-02
7.315000000000000000e+02,1.744598006798734474e-02
7.320000000000000000e+02,1.833343708200023403e-02
7.325000000000000000e+02,1.813591850602385216e-02
7.330000000000000000e+02,1.839404571096649871e-02
7.335000000000000000e+02,1.914456643410178058e-02
7.340000000000000000e+02,2.075290408745728357e-02
7.345000000000000000e+02,2.276669285326827011e-02
7.350000000000000000e+02,2.303877252260480915e-02
7.355000000000000000e+02,2.327231424590939235e-02
7.360000000000000000e+02,2.382675869338687219e-02
7.365000000000000000e+02,2.263650582413240242e-02
7.370000000000000000e+02,2.165750193245055688e-02
7.375000000000000000e+02,2.092106044203225629e-02
7.380000000000000000e+02,1.989531173032751260e-02
7.385000000000000000e+02,2.019636045445123707e-02
7.390000000000000000e+02,2.021782243585620170e-02
7.395000000000000000e+02,2.003175386645043507e-02
7.400000000000000000e+02,2.122516910696834250e-02
7.405000000000000000e+02,2.252983777956119385e-02
7.410000000000000000e+02,2.322074004578848078e-02
7.415000000000000000e+02,2.223019030449313940e-02
7.420000000000000000e+02,1.843692751486218293e-02
7.425000000000000000e+02,1.527180507570775891e-02
7.430000000000000000e+02,1.425030482101995698e-02
7.435000000000000000e+02,1.477272485320238818e-02
7.440000000000000000e+02,1.711934547796939779e-02
7.445000000000000000e+02,1.965453055751863534e-02
7.450000000000000000e+02,1.984252369554291920e-02
7.455000000000000000e+02,2.092483225565712479e-02
7.460000000000000000e+02,2.330297963546337781e-02
7.465000000000000000e+02,2.306443693519892937e-02
7.470000000000000000e+02,2.176332910019273051e-02
7.475000000000000000e+02,1.945881600410447401e-02
7.480000000000000000e+02,1.723949816406620747e-02
7.485000000000000000e+02,1.774659972743043018e-02
7.490000000000000000e+02,2.087475385909706369e-02
7.495000000000000000e+02,2.473744156641875455e-02
7.500000000000000000e+02,2.545526769965580569e-02
7.505000000000000000e+02,2.377705821403792302e-02
7.510000000000000000e+02,2.136927544637406279e-02
7.515000000000000000e+02,1.932774172106658736e-02
7.520000000000000000e+02,2.053667057454413095e-02
7.525000000000000000e+02,2.218517589440260895e-02
7.530000000000000000e+02,2.176533427511933780e-02
7.535000000000000000e+02,2.110647904859323104e-02
7.540000000000000000e+02,1.873293186179687472e-02
7.545000000000000000e+02,1.740203885633799519e-02
7.550000000000000000e+02,1.849402041982097997e-02
7.555000000000000000e+02,1.901935257804624954e-02
7.560000000000000000e+02,2.046619349449786684e-02
7.565000000000000000e+02,2.099667983934626336e-02
7.570000000000000000e+02,2.042571345837801075e-02
7.575000000000000000e+02,2.209665401740070270e-02
7.580000000000000000e+02,2.453573953694616547e-02
7.585000000000000000e+02,2.597593751202537452e-02
7.590000000000000000e+02,2.606851982883194932e-02
7.595000000000000000e+02,2.253465705200068808e-02
7.600000000000000000e+02,1.698449990039814506e-02
7.605000000000000000e+02,1.172934527912395698e-02
7.610000000000000000e+02,7.759434410430943521e-03
7.615000000000000000e+02,6.345698524264966819e-03
7.620000000000000000e+02,6.909669990535606023e-03
7.625000000000000000e+02,1.058044855233512653e-02
7.630000000000000000e+02,1.481137374017999463e-02
7.635000000000000000e+02,1.897417056021093867e-02
7.640000000000000000e+02,2.223701906425806438e-02
7.645000000000000000e+02,2.204629307393757634e-02
7.650000000000000000e+02,2.247067665229649999e-02
7.655000000000000000e+02,2.416995051579569342e-02
7.660000000000000000e+02,2.587036894332938111e-02
7.665000000000000000e+02,2.918625032499674171e-02
7.670000000000000000e+02,3.112313013277288529e-02
7.675000000000000000e+02,2.955555113140188178e-02
7.680000000000000000e+02,2.562862395204390173e-02
7.685000000000000000e+02,2.228802733894713617e-02
7.690000000000000000e+02,2.166950251832763102e-02
7.695000000000000000e+02,2.271178040923849117e-02
7.700000000000000000e+02,2.862886566217937717e-02
7.705000000000000000e+02,3.488240763751569024e-02
7.710000000000000000e+02,3.723598047454599463e-02
7.715000000000000000e+02,3.792553795866111105e-02
7.720000000000000000e+02,3.689795403333290952e-02
7.725000000000000000e+02,3.493599816083418214e-02
7.730000000000000000e+02,3.458296961777190121e-02
7.735000000000000000e+02,3.544254170762194817e-02
7.740000000000000000e+02,3.603596216152597093e-02
7.745000000000000000e+02,3.274810275972250134e-02
7.750000000000000000e+02,2.792708824564486131e-02
7.755000000000000000e+02,2.498199906167221027e-02
7.760000000000000000e+02,2.282949860323835178e-02
7.765000000000000000e+02,2.510946344749895656e-02
7.770000000000000000e+02,2.969904805732785646e-02
7.775000000000000000e+02,3.226404760206460359e-02
7.780000000000000000e+02,3.276502215544600111e-02
7.785000000000000000e+02,3.142862453391913335e-02
7.790000000000000000e+02,2.994296650360602288e-02
7.795000000000000000e+02,2.812991007191287599e-02
7.800000000000000000e+02,2.412802351528105585e-02
7.805000000000000000e+02,2.096754109534661875e-02
7.810000000000000000e+02,1.890405065231128695e-02
7.815000000000000000e+02,1.758637882316856776e-02
7.820000000000000000e+02,1.947108403098717425e-02
7.825000000000000000e+02,2.316885192007589467e-02
7.830000000000000000e+02,2.486498543018734325e-02
7.835000000000000000e+02,2.621028189135691383e-02
7.840000000000000000e+02,2.819290958191339805e-02
7.845000000000000000e+02,2.760183617864724742e-02
7.850000000000000000e+02,2.664743654434054490e-02
7.855000000000000000e+02,2.441834437168385885e-02
7.860000000000000000e+02,2.040609837428438572e-02
7.865000000000000000e+02,1.936108606630623785e-02
7.870000000000000000e+02,2.063350248985489424e-02
7.875000000000000000e+02,2.196750114783127192e-02
7.880000000000000000e+02,2.511550960465785964e-02
7.885000000000000000e+02,2.789272344164260564e-02
7.890000000000000000e+02,2.886835061502873029e-02
7.895000000000000000e+02,3.044035872585592467e-02
7.900000000000000000e+02,3.318312510767739559e-02
7.905000000000000000e+02,3.742694100299909232e-02
7.910000000000000000e+02,4.044799977465267371e-02
7.915000000000000000e+02,4.081176862317456577e-02
7.920000000000000000e+02,4.165052282661427935e-02
7.925000000000000000e+02,3.945767788531746867e-02
7.930000000000000000e+02,3.601133152657576275e-02
7.935000000000000000e+02,3.391174473714490822e-02
7.940000000000000000e+02,3.325406390640069099e-02
7.945000000000000000e+02,3.465541497787547748e-02
7.950000000000000000e+02,3.712418482151477739e-02
7.955000000000000000e+02,3.946814016458473351e-02
7.960000000000000000e+02,3.675873911694951118e-02
7.965000000000000000e+02,3.182074349993922746e-02
7.970000000000000000e+02,2.718173537450469662e-02
7.975000000000000000e+02,2.459751439649853974e-02
7.980000000000000000e+02,2.585662231627565075e-02
7.985000000000000000e+02,2.705603404115532185e-02
7.990000000000000000e+02,3.031226162000693475e-02
7.995000000000000000e+02,3.376974092569760139e-02
8.000000000000000000e+02,3.713257340202288925e-02
8.005000000000000000e+02,3.990806265249456641e-02
8.010000000000000000e+02,3.771418901601449047e-02
8.015000000000000000e+02,3.360740766997661472e-02
8.020000000000000000e+02,2.912816877690576484e-02
8.025000000000000000e+02,2.701568459005950287e-02
8.030000000000000000e+02,2.945602596152435693e-02
8.035000000000000000e+02,3.193555957511798327e-02
8.040000000000000000e+02,3.427599063561657250e-02
8.045000000000000000e+02,3.481311699069864624e-02
8.050000000000000000e+02,3.174908694788413505e-02
8.055000000000000000e+02,2.854695158200159372e-02
8.060000000000000000e+02,2.702006321042646139e-02
8.065000000000000000e+02,2.708847419599955467e-02
8.070000000000000000e+02,2.883044990826837822e-02
8.075000000000000000e+02,3.209475610475897439e-02
8.080000000000000000e+02,3.231016430685630658e-02
8.085000000000000000e+02,2.604857721150053221e-02
8.090000000000000000e+02,2.243318904100200656e-02
8.095000000000000000e+02,3.170042527193742826e-02
8.100000000000000000e+02,4.752943684249862077e-02
8.105000000000000000e+02,5.741255167210922161e-02
8.110000000000000000e+02,6.269778024719183107e-02
8.115000000000000000e+02,5.589881247983058410e-02
8.120000000000000000e+02,4.272139301992549515e-02
8.125000000000000000e+02,3.924920347506364454e-02
8.130000000000000000e+02,3.833818310133305790e-02
8.135000000000000000e+02,3.870070075299378992e-02
8.140000000000000000e+02,3.656431998385162307e-02
8.145000000000000000e+02,3.564256446554464608e-02
8.150000000000000000e+02,3.540848230759612025e-02
8.155000000000000000e+02,3.331265776593087674e-02
8.160000000000000000e+02,3.364852575757522335e-02
8.165000000000000000e+02,3.249737831005759803e-02
8.170000000000000000e+02,2.989702665863093467e-02
8.175000000000000000e+02,2.353837074612985872e-02
8.180000000000000000e+02,1.884071550165506564e-02
8.185000000000000000e+02,2.111671928350521490e-02
8.190000000000000000e+02,2.423400211263482262e-02
8.195000000000000000e+02,3.033281475196527091e-02
8.200000000000000000e+02,3.441158579843599935e-02
8.205000000000000000e+02,3.528594425646269100e-02
8.210000000000000000e+02,3.461487187484684619e-02
8.215000000000000000e+02,3.484949244947237179e-02
8.220000000000000000e+02,3.726919167962079033e-02
8.225000000000000000e+02,3.797743643249960194e-02
8.230000000000000000e+02,4.029905840559317581e-02
8.235000000000000000e+02,3.956583053777181641e-02
8.240000000000000000e+02,3.539434325948623977e-02
8.245000000000000000e+02,3.315366976294564089e-02
8.250000000000000000e+02,3.233322837354615092e-02
8.255000000000000000e+02,3.340623165108144721e-02
8.260000000000000000e+02,3.600747476683389958e-02
8.265000000000000000e+02,3.453467541309176297e-02
8.270000000000000000e+02,2.987169450855523337e-02
8.275000000000000000e+02,3.111622262344601597e-02
8.280000000000000000e+02,3.427045287292945774e-02
8.285000000000000000e+02,4.062180023579739507e-02
8.290000000000000000e+02,4.625139494209531271e-02
8.295000000000000000e+02,4.534156108011711678e-02
8.300000000000000000e+02,4.456458424350605990e-02
8.305000000000000000e+02,4.498565485721654766e-02
8.310000000000000000e+02,4.610843569415935816e-02
8.315000000000000000e+02,4.739483412023227926e-02
8.320000000000000000e+02,4.593112937690336378e-02
8.325000000000000000e+02,4.261169063919845179e-02
8.330000000000000000e+02,4.085007595374056527e-02
8.335000000000000000e+02,4.096216114589986551e-02
8.340000000000000000e+02,4.194647145053526788e-02
8.345000000000000000e+02,4.110475134663287011e-02
8.350000000000000000e+02,4.162931004171063071e-02
8.355000000000000000e+02,4.177023063413266152e-02
8.360000000000000000e+02,4.213779527277727172e-02
8.365000000000000000e+02,4.262428028954413223e-02
8.370000000000000000e+02,4.060093733453490339e-02
8.375000000000000000e+02,3.789672096843339083e-02
8.380000000000000000e+02,3.345788640656857660e-02
8.385000000000000000e+02,3.071022074311198849e-02
8.390000000000000000e+02,2.799745682342087705e-02
8.395000000000000000e+02,2.612705985920540236e-02
8.400000000000000000e+02,2.977636697664492668e-02
8.405000000000000000e+02,3.441380858805775933e-02
8.410000000000000000e+02,3.896182069718304858e-02
8.415000000000000000e+02,4.315879574007294717e-02
8.420000000000000000e+02,4.632780372990922407e-02
8.425000000000000000e+02,4.713975409106492542e-02
8.430000000000000000e+02,4.666641851055243484e-02
8.435000000000000000e+02,4.418519605421936114e-02
8.440000000000000000e+02,3.804895870167714078e-02
8.445000000000000000e+02,3.537386031066007408e-02
8.450000000000000000e+02,3.828741921523570041e-02
8.455000000000000000e+02,4.574795385509372592e-02
8.460000000000000000e+02,5.258055905295819926e-02
8.465000000000000000e+02,5.455316424697079919e-02
8.470000000000000000e+02,5.297353357182071898e-02
8.475000000000000000e+02,4.694414378040359659e-02
8.480000000000000000e+02,4.104100523706246534e-02
8.485000000000000000e+02,3.589923959619654298e-02
8.490000000000000000e+02,3.363216414786258240e-02
8.495000000000000000e+02,3.714180222860321429e-02
8.500000000000000000e+02,4.062540128831230307e-02
8.505000000000000000e+02,4.562656794996636234e-02
8.510000000000000000e+02,4.615464573807994547e-02
8.515000000000000000e+02,4.528507909930760272e-02
8.520000000000000000e+02,2.517576581324267732e-02
8.525000000000000000e+02,-2.181616167410617771e-02
8.530000000000000000e+02,-3.769571547870403938e-02
8.535000000000000000e+02,-4.047757771352086809e-02
8.540000000000000000e+02,-1.662160770416474045e-02
8.545000000000000000e+02,3.521855881075647288e-02
8.550000000000000000e+02,5.047897862916216061e-02
8.555000000000000000e+02,5.061676695102178269e-02
8.560000000000000000e+02,4.671893300075325578e-02
8.565000000000000000e+02,4.069041863237379125e-02
8.570000000000000000e+02,4.268315047474715435e-02
8.575000000000000000e+02,4.502459762427836465e-02
8.580000000000000000e+02,4.721470747954498864e-02
8.585000000000000000e+02,4.838259293757259105e-02
8.590000000000000000e+02,4.543343188479576772e-02
8.595000000000000000e+02,4.792855395976210880e-02
8.600000000000000000e+02,5.035008605166343271e-02
8.605000000000000000e+02,5.103517035975831118e-02
8.610000000000000000e+02,5.336603193702301601e-02
8.615000000000000000e+02,5.190545551667997970e-02
8.620000000000000000e+02,5.191406893848966864e-02
8.625000000000000000e+02,4.972196622610421113e-02
8.630000000000000000e+02,3.740149020962005993e-02
8.635000000000000000e+02,2.921428139988537995e-02
8.640000000000000000e+02,2.620382227143846707e-02
8.645000000000000000e+02,3.029396420649222918e-02
8.650000000000000000e+02,4.689611347022429322e-02
8.655000000000000000e+02,5.687508424406802904e-02
8.660000000000000000e+02,6.133575954278348841e-02
8.665000000000000000e+02,6.113641853167355728e-02
8.670000000000000000e+02,5.490991145018207092e-02
8.675000000000000000e+02,5.037339670914412620e-02
8.680000000000000000e+02,4.876804550177963465e-02
8.685000000000000000e+02,4.933257787314809795e-02
8.690000000000000000e+02,5.342303048006481758e-02
8.695000000000000000e+02,5.920390862122849873e-02
8.700000000000000000e+02,5.915227640577686019e-02
8.705000000000000000e+02,6.311825388213855581e-02
8.710000000000000000e+02,6.306419867747989350e-02
8.715000000000000000e+02,5.439553242909964115e-02
8.720000000000000000e+02,4.779588162454547623e-02
8.725000000000000000e+02,4.246913118643771967e-02
8.730000000000000000e+02,3.612148498378171119e-02
8.735000000000000000e+02,3.245518184733744982e-02
8.740000000000000000e+02,3.590026552358120682e-02
8.745000000000000000e+02,4.047731975026257895e-02
8.750000000000000000e+02,4.659513531569332845e-02
8.755000000000000000e+02,5.310962354356837251e-02
8.760000000000000000e+02,5.399667332309409512e-02
8.765000000000000000e+02,5.288957741285692238e-02
8.770000000000000000e+02,5.582251448658179932e-02
8.775000000000000000e+02,5.406023568590587192e-02
8.780000000000000000e+02,5.430737429426086421e-02
8.785000000000000000e+02,5.460998293734662529e-02
8.790000000000000000e+02,5.819025647844226073e-02
8.795000000000000000e+02,6.667329449378280037e-02
8.800000000000000000e+02,7.217810845286158627e-02
8.805000000000000000e+02,7.404003948292398052e-02
8.810000000000000000e+02,7.440378639056705046e-02
8.815000000000000000e+02,7.389239794043303555e-02
8.820000000000000000e+02,6.946524411963621304e-02
8.825000000000000000e+02,3.512854038181655730e-02
8.830000000000000000e+02,-4.663967238671636040e-02
8.835000000000000000e+02,-8.630481134901854534e-02
8.840000000000000000e+02,-9.562068996716956149e-02
8.845000000000000000e+02,-5.904751118349737399e-02
8.850000000000000000e+02,2.319048132835858228e-02
8.855000000000000000e+02,5.764641493525453353e-02
8.860000000000000000e+02,7.188001730041097825e-02
8.865000000000000000e+02,7.713991559844098067e-02
8.870000000000000000e+02,8.110543934178332526e-02
8.875000000000000000e+02,7.114166349816268553e-02
8.880000000000000000e+02,5.795261307446070848e-02
8.885000000000000000e+02,5.291475656591865945e-02
8.890000000000000000e+02,4.937376717315775099e-02
8.895000000000000000e+02,5.171536187121387323e-02
8.900000000000000000e+02,5.659703896672056006e-02
8.905000000000000000e+02,5.802202533449823951e-02
8.910000000000000000e+02,6.025279326467382346e-02
8.915000000000000000e+02,6.729531623176288058e-02
8.920000000000000000e+02,6.521349564662558274e-02
8.925000000000000000e+02,5.605355816175629224e-02
8.930000000000000000e+02,4.860392100503429375e-02
8.935000000000000000e+02,4.677545768442673002e-02
8.940000000000000000e+02,5.588072304508681643e-02
8.945000000000000000e+02,6.666194377744491528e-02
8.950000000000000000e+02,7.291793933076243239e-02
8.955000000000000000e+02,7.089207601433045181e-02
8.960000000000000000e+02,6.641942101633975526e-02
8.965000000000000000e+02,6.431448275444878737e-02
8.970000000000000000e+02,6.585452950832582086e-02
8.975000000000000000e+02,6.613355490731616382e-02
8.980000000000000000e+02,6.266603542786650105e-02
8.985000000000000000e+02,6.155395377408748314e-02
8.990000000000000000e+02,5.887885780776900418e-02
8.995000000000000000e+02,5.479226627836173563e-02
9.000000000000000000e+02,5.854105401915573464e-02
9.005000000000000000e+02,5.590421052419614761e-02
9.010000000000000000e+02,5.711775727354091725e-02
9.015000000000000000e+02,6.474591061359465105e-02
9.020000000000000000e+02,6.461988789965267266e-02
9.025000000000000000e+02,6.166886408835432071e-02
9.030000000000000000e+02,5.940875926554493175e-02
9.035000000000000000e+02,6.716428889211679965e-02
9.040000000000000000e+02,7.802198036289839655e-02
9.045000000000000000e+02,8.176103578197516097e-02
9.050000000000000000e+02,8.281411154330893531e-02
9.055000000000000000e+02,7.890757541275292275e-02
9.060000000000000000e+02,8.241538444702646571e-02
9.065000000000000000e+02,9.148362870815267278e-02
9.070000000000000000e+02,9.191105346079889160e-02
9.075000000000000000e+02,8.725180814513021355e-02
9.080000000000000000e+02,8.379899050558552165e-02
9.085000000000000000e+02,8.512648699039379596e-02
9.090000000000000000e+02,8.682045160588486299e-02
9.095000000000000000e+02,8.683475423700028062e-02
9.100000000000000000e+02,8.289715979799490431e-02
9.105000000000000000e+02,8.671404224146851691e-02
9.110000000000000000e+02,8.533391224106273709e-02
9.115000000000000000e+02,8.179392346126014568e-02
9.120000000000000000e+02,8.640480385799932661e-02
9.125000000000000000e+02,9.280564625261446265e-02
9.130000000000000000e+02,1.117689462314935267e-01
9.135000000000000000e+02,1.285008373781040547e-01
9.140000000000000000e+02,1.353987173788132325e-01
9.145000000000000000e+02,1.382448959976417813e-01
9.150000000000000000e+02,1.301066937373232812e-01
9.155000000000000000e+02,1.301809857992112796e-01
9.160000000000000000e+02,1.359446024771301109e-01
9.165000000000000000e+02,1.538562833341806935e-01
9.170000000000000000e+02,1.857689003567835895e-01
9.175000000000000000e+02,2.148219697360841118e-01
9.180000000000000000e+02,2.399520757296128293e-01
9.185000000000000000e+02,2.681968415492436697e-01
9.190000000000000000e+02,2.987852724764381018e-01
9.195000000000000000e+02,3.394813361656346395e-01
9.200000000000000000e+02,4.012536439843474856e-01
9.205000000000000000e+02,4.841260481113732195e-01
9.210000000000000000e+02,6.041374224795069692e-01
9.215000000000000000e+02,7.565457390709718899e-01
9.220000000000000000e+02,9.222242212597712152e-01
9.225000000000000000e+02,1.094939579659370610e+00
9.230000000000000000e+02,1.266063160463010595e+00
9.235000000000000000e+02,1.436945093303525711e+00
9.240000000000000000e+02,1.614262220878385667e+00
9.245000000000000000e+02,1.784450564811424611e+00
9.250000000000000000e+02,1.932997774665085489e+00
9.255000000000000000e+02,2.039796792445522478e+00
9.260000000000000000e+02,2.094492004710944322e+00
9.265000000000000000e+02,2.103976052497552818e+00
9.270000000000000000e+02,2.076817525871696990e+00
9.275000000000000000e+02,1.996040087268404317e+00
9.280000000000000000e+02,1.903676813729135109e+00
9.285000000000000000e+02,1.831277001268605709e+00
9.290000000000000000e+02,1.759048320493929118e+00
9.295000000000000000e+02,1.712442435754025327e+00
9.300000000000000000e+02,1.687805926759086805e+00
9.305000000000000000e+02,1.657108927464063131e+00
9.310000000000000000e+02,1.677544659145332240e+00
9.315000000000000000e+02,1.736939567098121140e+00
9.320000000000000000e+02,1.820620846199216825e+00
9.325000000000000000e+02,1.930889288071353072e+00
9.330000000000000000e+02,1.993576362759234222e+00
9.335000000000000000e+02,2.007371700420212068e+00
9.340000000000000000e+02,1.966436685917143379e+00
9.345000000000000000e+02,1.892078922493460658e+00
9.350000000000000000e+02,1.781253976495286828e+00
9.355000000000000000e+02,1.653152363948905412e+00
9.360000000000000000e+02,1.530044305657951575e+00
9.365000000000000000e+02,1.442317165113312871e+00
9.370000000000000000e+02,1.391407173367493755e+00
9.375000000000000000e+02,1.372283799196008847e+00
9.380000000000000000e+02,1.375706620421897952e+00
9.385000000000000000e+02,1.396376436432582580e+00
9.390000000000000000e+02,1.459162724819698775e+00
9.395000000000000000e+02,1.553639037086679719e+00
9.400000000000000000e+02,1.685415514023818062e+00
9.405000000000000000e+02,1.875148271617056439e+00
9.410000000000000000e+02,2.118969466774401678e+00
9.415000000000000000e+02,2.439160596552565341e+00
9.420000000000000000e+02,2.758746384189055600e+00
9.425000000000000000e+02,3.122649124098964890e+00
9.430000000000000000e+02,3.515000761092253789e+00
9.435000000000000000e+02,3.949057056708058067e+00
9.440000000000000000e+02,4.411658513727834574e+00
9.445000000000000000e+02,4.880919300975173236e+00
9.450000000000000000e+02,5.374652016951310785e+00
9.455000000000000000e+02,5.846798693300108596e+00
9.460000000000000000e+02,6.308906827875537360e+00
9.465000000000000000e+02,6.716478527043756586e+00
9.470000000000000000e+02,7.062613810020779148e+00
9.475000000000000000e+02,7.457156080960787747e+00
9.480000000000000000e+02,7.808926242195497913e+00
9.485000000000000000e+02,8.102016925230975275e+00
9.490000000000000000e+02,8.379600897171593843e+00
9.495000000000000000e+02,8.600558066158955128e+00
9.500000000000000000e+02,8.852316321916237740e+00
9.505000000000000000e+02,9.188940857912426097e+00
9.510000000000000000e+02,9.525106539445541642e+00
9.515000000000000000e+02,9.834937641416347631e+00
9.520000000000000000e+02,1.004190819608493612e+01
9.525000000000000000e+02,1.021211076278632923e+01
9.530000000000000000e+02,1.036915572862354296e+01
9.535000000000000000e+02,1.056749722849520268e+01
9.540000000000000000e+02,1.077217476851430078e+01
9.545000000000000000e+02,1.098692868520905286e+01
9.550000000000000000e+02,1.104081159698495007e+01
9.555000000000000000e+02,1.101006086962827446e+01
9.560000000000000000e+02,1.090610947282372933e+01
9.565000000000000000e+02,1.073569632518005790e+01
9.570000000000000000e+02,1.049570089412754292e+01
9.575000000000000000e+02,1.037690691206477389e+01
9.580000000000000000e+02,1.022006236116583899e+01
9.585000000000000000e+02,1.013580282658480058e+01
9.590000000000000000e+02,1.018457615352904000e+01
9.595000000000000000e+02,1.021502928132227161e+01
9.600000000000000000e+02,1.018490800389902518e+01
9.605000000000000000e+02,1.018088961846006057e+01
9.610000000000000000e+02,1.016115870212397887e+01
9.615000000000000000e+02,1.000396704073538245e+01
9.620000000000000000e+02,9.912367305379561344e+00
9.625000000000000000e+02,9.772984081676609591e+00
9.630000000000000000e+02,9.641775462371400707e+00
9.635000000000000000e+02,9.578693569015062081e+00
9.640000000000000000e+02,9.447763381326975463e+00
9.645000000000000000e+02,9.154536040724407187e+00
9.650000000000000000e+02,8.956825151034838228e+00
9.655000000000000000e+02,8.769557850191796788e+00
9.660000000000000000e+02,8.720894079043063130e+00
9.665000000000000000e+02,8.695911895081779974e+00
9.670000000000000000e+02,8.558019294900889307e+00
9.675000000000000000e+02,8.456971182023414357e+00
9.680000000000000000e+02,8.408733094101320305e+00
9.685000000000000000e+02,8.299183051212267515e+00
9.690000000000000000e+02,8.099072795385122703e+00
9.695000000000000000e+02,7.820521533626488164e+00
9.700000000000000000e+02,7.665166832577459566e+00
9.705000000000000000e+02,7.761783757718060173e+00
9.710000000000000000e+02,7.864219288756387094e+00
9.715000000000000000e+02,7.998423954577307704e+00
9.720000000000000000e+02,8.048106766912164645e+00
9.725000000000000000e+02,8.005812249345623854e+00
9.730000000000000000e+02,8.011373593308208640e+00
9.735000000000000000e+02,7.911881083442966478e+00
9.740000000000000000e+02,7.892568255367074848e+00
9.745000000000000000e+02,7.973743742424184155e+00
9.750000000000000000e+02,8.069426600852036557e+00
9.755000000000000000e+02,8.259603135028111609e+00
9.760000000000000000e+02,8.444478597599792025e+00
9.765000000000000000e+02,8.699409366747714145e+00
9.770000000000000000e+02,8.830147993745281809e+00
9.775000000000000000e+02,8.919839174927004066e+00
9.780000000000000000e+02,9.095631303164241288e+00
9.785000000000000000e+02,9.425670234397738767e+00
9.790000000000000000e+02,9.860401061508190068e+00
9.795000000000000000e+02,1.017383952297116245e+01
9.800000000000000000e+02,1.025629110976028358e+01
9.805000000000000000e+02,1.033851854427652661e+01
9.810000000000000000e+02,1.049916060259369566e+01
9.815000000000000000e+02,1.082811697150329167e+01
9.820000000000000000e+02,1.111977611442576297e+01
9.825000000000000000e+02,1.134466536166574002e+01
9.830000000000000000e+02,1.154916648307364113e+01
9.835000000000000000e+02,1.154225388755972759e+01
9.840000000000000000e+02,1.155824648641487862e+01
9.845000000000000000e+02,1.144715750011222433e+01
9.850000000000000000e+02,1.126035258556293073e+01
9.855000000000000000e+02,1.129210867189809697e+01
9.860000000000000000e+02,1.143513416729063792e+01
9.865000000000000000e+02,1.165915209100402627e+01
9.870000000000000000e+02,1.186102204055631226e+01
9.875000000000000000e+02,1.181185912147843808e+01
9.880000000000000000e+02,1.164212986804496808e+01
9.885000000000000000e+02,1.173039903667653228e+01
9.890000000000000000e+02,1.183403710105221940e+01
9.895000000000000000e+02,1.184620781641622322e+01
9.900000000000000000e+02,1.168277973442930850e+01
9.905000000000000000e+02,1.143533385006768910e+01
9.910000000000000000e+02,1.114777930147110219e+01
9.915000000000000000e+02,1.090208077797219843e+01
9.920000000000000000e+02,1.060234357653537707e+01
9.925000000000000000e+02,1.014228809608550463e+01
9.930000000000000000e+02,9.811377017340953799e+00
9.935000000000000000e+02,9.365638241429007138e+00
9.940000000000000000e+02,8.941164040092299814e+00
9.945000000000000000e+02,8.711214239787668845e+00
9.950000000000000000e+02,8.528740548663561682e+00
9.955000000000000000e+02,8.410593946311584190e+00
9.960000000000000000e+02,8.314298917004439460e+00
9.965000000000000000e+02,8.341479880248128254e+00
9.970000000000000000e+02,8.311991882608657178e+00
9.975000000000000000e+02,8.329863539197472022e+00
9.980000000000000000e+02,8.087264218202180999e+00
9.985000000000000000e+02,7.743672108590597958e+00
9.990000000000000000e+02,7.455995817560364003e+00
9.995000000000000000e+02,7.153261751466455820e+00
1.000000000000000000e+03,7.089761254683817349e+00
1.000500000000000000e+03,7.167323399498788383e+00
1.001000000000000000e+03,7.403908507459096455e+00
1.001500000000000000e+03,7.493813405973781983e+00
1.002000000000000000e+03,7.475217752262921067e+00
1.002500000000000000e+03,7.339967442296415179e+00
1.003000000000000000e+03,7.215735277518263047e+00
1.003500000000000000e+03,7.151760048316502250e+00
1.004000000000000000e+03,7.147612100274107760e+00
1.004500000000000000e+03,7.191875798526090158e+00
1.005000000000000000e+03,7.259286958216240926e+00
1.005500000000000000e+03,7.521866451305792012e+00
1.006000000000000000e+03,7.957745973850438581e+00
1.006500000000000000e+03,8.422765754426423612e+00
1.007000000000000000e+03,8.891615534776907026e+00
1.007500000000000000e+03,8.897211928432261274e+00
1.008000000000000000e+03,8.927974853904965258e+00
1.008500000000000000e+03,9.090687926506795691e+00
1.009000000000000000e+03,9.545011396902673084e+00
1.009500000000000000e+03,1.024566461085748159e+01
1.010000000000000000e+03,1.082059758741117506e+01
1.010500000000000000e+03,1.110348537072399999e+01
1.011000000000000000e+03,1.155652334742265808e+01
1.011500000000000000e+03,1.180044541392313029e+01
1.012000000000000000e+03,1.231419775592580557e+01
1.012500000000000000e+03,1.277824615575227085e+01
1.013000000000000000e+03,1.317504153781635168e+01
1.013500000000000000e+03,1.342789721297220318e+01
1.014000000000000000e+03,1.362199194927267243e+01
1.014500000000000000e+03,1.401948405255013874e+01
1.015000000000000000e+03,1.483745611978860524e+01
1.015500000000000000e+03,1.574149335807237193e+01
1.016000000000000000e+03,1.621779272319123066e+01
1.016500000000000000e+03,1.581447297875125102e+01
1.017000000000000000e+03,1.472765405374882342e+01
1.017500000000000000e+03,1.385359787348411054e+01
1.018000000000000000e+03,1.327378913742007427e+01
1.018500000000000000e+03,1.317632853860785325e+01
1.019000000000000000e+03,1.351434155003569160e+01
1.019500000000000000e+03,1.360957212227902247e+01
1.020000000000000000e+03,1.354804296092580174e+01
1.020500000000000000e+03,1.319962900014765239e+01
1.021000000000000000e+03,1.286927701544185787e+01
1.021500000000000000e+03,1.261813087943298939e+01
1.022000000000000000e+03,1.224238261388579652e+01
1.022500000000000000e+03,1.193079498688838846e+01
1.023000000000000000e+03,1.150762908147300401e+01
1.023500000000000000e+03,1.147559671949500526e+01
1.024000000000000000e+03,1.134433572439723292e+01
1.024500000000000000e+03,1.131402847438476300e+01
1.025000000000000000e+03,1.075540438443962010e+01
1.025500000000000000e+03,1.011422155025277902e+01
1.026000000000000000e+03,9.776612045253921579e+00
1.026500000000000000e+03,9.805213043865151690e+00
1.027000000000000000e+03,1.001195989358878258e+01
1.027500000000000000e+03,9.832480681241003495e+00
1.028000000000000000e+03,9.311638180373885021e+00
1.028500000000000000e+03,9.011278315852461418e+00
1.029000000000000000e+03,8.956993114771591991e+00
1.029500000000000000e+03,8.865927831012497151e+00
1.030000000000000000e+03,8.797760085484155113e+00
1.030500000000000000e+03,8.512414899017857195e+00
1.031000000000000000e+03,8.251158292441939324e+00
1.031500000000000000e+03,8.212399709589258023e+00
1.032000000000000000e+03,7.906097171374912413e+00
1.032500000000000000e+03,7.752422539874754825e+00
1.033000000000000000e+03,7.756347429338819488e+00
1.033500000000000000e+03,7.724655993061454673e+00
1.034000000000000000e+03,8.227662264537840997e+00
1.034500000000000000e+03,8.564894176457878316e+00
1.035000000000000000e+03,8.764353206238400418e+00
1.035500000000000000e+03,8.714496408171678254e+00
1.036000000000000000e+03,8.618903844945185355e+00
1.036500000000000000e+03,8.662165051802768190e+00
1.037000000000000000e+03,8.832326066199938097e+00
1.037500000000000000e+03,8.759851311155188114e+00
1.038000000000000000e+03,8.543436137873699820e+00
1.038500000000000000e+03,8.520838670751174959e+00
1.039000000000000000e+03,8.671284959442484563e+00
1.039500000000000000e+03,9.267536809108184670e+00
1.040000000000000000e+03,9.883325485943403876e+00
1.040500000000000000e+03,1.010490736139439072e+01
1.041000000000000000e+03,9.913158953485149638e+00
1.041500000000000000e+03,9.477285253350267169e+00
1.042000000000000000e+03,9.015611004422732222e+00
1.042500000000000000e+03,9.022340362594777119e+00
1.043000000000000000e+03,9.298503084337454538e+00
1.043500000000000000e+03,9.540045819114533643e+00
1.044000000000000000e+03,1.014401081822754946e+01
1.044500000000000000e+03,1.047792169881716440e+01
1.045000000000000000e+03,1.075462806931798632e+01
1.045500000000000000e+03,1.082590011490116666e+01
1.046000000000000000e+03,1.082334081583309882e+01
1.046500000000000000e+03,1.089004724002338520e+01
1.047000000000000000e+03,1.092205094409322363e+01
1.047500000000000000e+03,1.095517551294240910e+01
1.048000000000000000e+03,1.106273800138022523e+01
1.048500000000000000e+03,1.123439605594818858e+01
1.049000000000000000e+03,1.152803732216995947e+01
1.049500000000000000e+03,1.137238444109573443e+01
1.050000000000000000e+03,1.104084346128808924e+01
1.050500000000000000e+03,1.074508779471158704e+01
1.051000000000000000e+03,1.028979871468838425e+01
1.051500000000000000e+03,1.007597147266614890e+01
1.052000000000000000e+03,9.998562169810531586e+00
1.052500000000000000e+03,9.938484840064278458e+00
1.053000000000000000e+03,1.001194856913954467e+01
1.053500000000000000e+03,9.692391205017113265e+00
1.054000000000000000e+03,9.266692007063426217e+00
1.054500000000000000e+03,9.160915192774440996e+00
1.055000000000000000e+03,9.311733212552963934e+00
1.055500000000000000e+03,9.435381929545842539e+00
1.056000000000000000e+03,9.517920904682023675e+00
1.056500000000000000e+03,9.361226040854576880e+00
1.057000000000000000e+03,9.496690584932823143e+00
1.057500000000000000e+03,9.559336098138230042e+00
1.058000000000000000e+03,9.428009608730832269e+00
1.058500000000000000e+03,8.795365930979508917e+00
1.059000000000000000e+03,8.175747282750066347e+00
1.059500000000000000e+03,7.632807833781572349e+00
1.060000000000000000e+03,7.331085284146128700e+00
1.060500000000000000e+03,7.299807375051827307e+00
1.061000000000000000e+03,7.306265241369366947e+00
1.061500000000000000e+03,7.503406060602727301e+00
1.062000000000000000e+03,7.829089711894675396e+00
1.062500000000000000e+03,8.099596086352059743e+00
1.063000000000000000e+03,8.243956395327439068e+00
1.063500000000000000e+03,8.254648032569226856e+00
1.064000000000000000e+03,8.444128625995537263e+00
1.064500000000000000e+03,8.718864054243773865e+00
1.065000000000000000e+03,8.863209760949484206e+00
1.065500000000000000e+03,8.434457045557071098e+00
1.066000000000000000e+03,8.110384179110607050e+00
1.066500000000000000e+03,7.939803126900285335e+00
1.067000000000000000e+03,7.886322751709857748e+00
1.067500000000000000e+03,7.699518816910052799e+00
1.068000000000000000e+03,7.589185656389467738e+00
1.068500000000000000e+03,8.053960924000383770e+00
1.069000000000000000e+03,7.894945148942862367e+00
1.069500000000000000e+03,7.615995411395768855e+00
1.070000000000000000e+03,6.852395658094967423e+00
1.070500000000000000e+03,6.834200339471391494e+00
1.071000000000000000e+03,7.503890811277533324e+00
1.071500000000000000e+03,8.660928231280756506e+00
1.072000000000000000e+03,9.305218949119279159e+00
1.072500000000000000e+03,9.575685441981859114e+00
1.073000000000000000e+03,9.591658730927189680e+00
1.073500000000000000e+03,9.584322976644807923e+00
1.074000000000000000e+03,1.008224196176087695e+01
1.074500000000000000e+03,9.889773100957816254e+00
1.075000000000000000e+03,9.781002776406417354e+00
1.075500000000000000e+03,9.508852238007159841e+00
1.076000000000000000e+03,9.628145722444928722e+00
1.076500000000000000e+03,9.686314091059818665e+00
1.077000000000000000e+03,9.817947696921928369e+00
1.077500000000000000e+03,9.465059896985096088e+00
1.078000000000000000e+03,9.052815248976957108e+00
1.078500000000000000e+03,8.734167233429531052e+00
1.079000000000000000e+03,8.580794280087037151e+00
1.079500000000000000e+03,8.878199629919301117e+00
1.080000000000000000e+03,9.288452360273955932e+00
1.080500000000000000e+03,9.481929911630128771e+00
