scan	shotNumber	mgspcImgMissed	cam1_pC	cam2_pC	cam3_pC	cam4_pC
7.00000e+00	1.00000e+00	0.00000e+00	1.80056e+00	2.63431e-01	2.35519e-03	1.21200e-01
7.00000e+00	2.00000e+00	0.00000e+00	1.64570e-02	1.60042e-06	9.46540e-03	2.28821e-02
7.00000e+00	3.00000e+00	0.00000e+00	2.93247e+00	1.98082e-01	1.77305e-02	0.00000e+00
7.00000e+00	4.00000e+00	0.00000e+00	8.37978e+00	1.00051e+00	4.61515e-02	1.42231e-01
7.00000e+00	5.00000e+00	0.00000e+00	3.04998e+00	3.09855e-01	2.42131e-02	1.05630e-01
7.00000e+00	6.00000e+00	0.00000e+00	7.09491e+00	5.62255e-01	3.00604e-02	1.81577e-01
7.00000e+00	7.00000e+00	0.00000e+00	4.84692e+00	2.99248e-01	1.08009e-02	3.37330e-02
7.00000e+00	8.00000e+00	0.00000e+00	3.72437e+00	3.92590e-01	1.89454e-02	9.58764e-02
7.00000e+00	9.00000e+00	0.00000e+00	1.88870e-01	8.99408e-02	0.00000e+00	2.82872e-02
7.00000e+00	1.00000e+01	0.00000e+00	1.13297e+00	2.37133e-01	2.47942e-02	7.83043e-02
7.00000e+00	1.10000e+01	0.00000e+00	1.69609e+01	4.87768e+00	5.25871e-02	1.35562e-01
7.00000e+00	1.20000e+01	0.00000e+00	1.34813e+01	3.32079e+00	4.41019e-02	1.39848e-01
7.00000e+00	1.30000e+01	0.00000e+00	1.65341e+01	4.41159e+00	5.19776e-02	1.98428e-01
7.00000e+00	1.40000e+01	0.00000e+00	1.43972e+01	2.81530e+00	3.60296e-02	1.03596e-01
7.00000e+00	1.50000e+01	0.00000e+00	1.00994e+01	2.04523e+00	4.38833e-02	1.01761e-01
7.00000e+00	1.60000e+01	0.00000e+00	8.16404e+00	7.41657e-01	4.51302e-02	1.09263e-01
7.00000e+00	1.70000e+01	0.00000e+00	1.05844e+01	1.11250e+00	3.16199e-02	1.21181e-01
7.00000e+00	1.80000e+01	0.00000e+00	3.43714e+00	4.69432e-01	1.47933e-02	8.90460e-02
7.00000e+00	1.90000e+01	0.00000e+00	1.24620e+01	2.35560e+00	3.30850e-02	1.96338e-01
7.00000e+00	2.00000e+01	0.00000e+00	6.51295e+00	5.18878e-01	2.26994e-02	1.06842e-01
7.00000e+00	2.10000e+01	0.00000e+00	2.99966e+01	4.66396e+00	5.13807e-02	2.68381e-01
7.00000e+00	2.20000e+01	0.00000e+00	3.24300e+01	5.73678e+00	5.41765e-02	2.33879e-01
7.00000e+00	2.30000e+01	0.00000e+00	1.94778e+01	5.92670e+00	5.12232e-02	2.44840e-01
7.00000e+00	2.40000e+01	0.00000e+00	2.05796e+01	5.79720e+00	5.84666e-02	1.71651e-01
7.00000e+00	2.50000e+01	0.00000e+00	2.07580e+01	4.82971e+00	3.60542e-02	2.07259e-01
7.00000e+00	2.60000e+01	0.00000e+00	2.93292e+01	8.49548e+00	6.37371e-02	1.82790e-01
7.00000e+00	2.70000e+01	0.00000e+00	2.21177e+01	3.54164e+00	4.35008e-02	1.00835e-01
7.00000e+00	2.80000e+01	0.00000e+00	1.48487e+01	5.03251e+00	7.73407e-02	2.05671e-01
7.00000e+00	2.90000e+01	0.00000e+00	3.21418e+01	5.37749e+00	8.68132e-02	2.27864e-01
7.00000e+00	3.00000e+01	0.00000e+00	2.26624e+01	6.04510e+00	5.95035e-02	1.83229e-01
7.00000e+00	3.10000e+01	0.00000e+00	3.32907e+01	3.03771e+00	5.60638e-02	1.70438e-01
7.00000e+00	3.20000e+01	0.00000e+00	3.84641e+01	5.32366e+00	9.10469e-02	2.70277e-01
7.00000e+00	3.30000e+01	0.00000e+00	3.24156e+01	3.32050e+00	7.51100e-02	2.12628e-01
7.00000e+00	3.40000e+01	0.00000e+00	2.68188e+01	3.92337e+00	6.98141e-02	1.79817e-01
7.00000e+00	3.50000e+01	0.00000e+00	3.65523e+01	4.32738e+00	6.57314e-02	1.62787e-01
7.00000e+00	3.60000e+01	0.00000e+00	3.74490e+01	4.16344e+00	5.77128e-02	2.31322e-01
7.00000e+00	3.70000e+01	0.00000e+00	2.03162e+01	4.54906e+00	6.55837e-02	1.44746e-01
7.00000e+00	3.80000e+01	0.00000e+00	2.75387e+01	5.58408e+00	7.75640e-02	2.10017e-01
7.00000e+00	3.90000e+01	0.00000e+00	4.14713e+01	6.22245e+00	1.17061e-01	2.68106e-01
7.00000e+00	4.00000e+01	0.00000e+00	2.10535e+01	5.74705e+00	6.40108e-02	1.73241e-01
7.00000e+00	4.10000e+01	0.00000e+00	3.52980e+01	4.33118e+00	7.82091e-02	2.09527e-01
7.00000e+00	4.20000e+01	0.00000e+00	3.45871e+01	4.40476e+00	7.17040e-02	2.34500e-01
7.00000e+00	4.30000e+01	0.00000e+00	3.32914e+01	7.83051e+00	7.15878e-02	2.00290e-01
7.00000e+00	4.40000e+01	0.00000e+00	4.57340e+01	7.35166e+00	6.01742e-02	3.01702e-01
7.00000e+00	4.50000e+01	0.00000e+00	4.67209e+01	6.33860e+00	9.07832e-02	4.13890e-01
7.00000e+00	4.60000e+01	0.00000e+00	4.53136e+01	6.22287e+00	1.04637e-01	4.21993e-01
7.00000e+00	4.70000e+01	0.00000e+00	4.16251e+01	5.24217e+00	6.27324e-02	3.14935e-01
7.00000e+00	4.80000e+01	0.00000e+00	2.48429e+01	5.76959e+00	5.76419e-02	1.69164e-01
7.00000e+00	4.90000e+01	0.00000e+00	4.28695e+01	5.65053e+00	8.15597e-02	2.56985e-01
7.00000e+00	5.00000e+01	0.00000e+00	3.67784e+01	5.41625e+00	7.31100e-02	2.23556e-01
7.00000e+00	5.10000e+01	0.00000e+00	4.12425e+01	1.06801e+01	7.13132e-02	2.92304e-01
7.00000e+00	5.20000e+01	0.00000e+00	4.74466e+01	1.45202e+01	1.41420e-01	4.43511e-01
7.00000e+00	5.30000e+01	0.00000e+00	4.36248e+01	1.28706e+01	1.23680e-01	4.32760e-01
7.00000e+00	5.40000e+01	0.00000e+00	3.93998e+01	4.55283e+00	5.43398e-02	2.19483e-01
7.00000e+00	5.50000e+01	0.00000e+00	4.22141e+01	1.26320e+01	9.60637e-02	4.27641e-01
7.00000e+00	5.60000e+01	0.00000e+00	3.93180e+01	6.28033e+00	5.81524e-02	2.35084e-01
7.00000e+00	5.70000e+01	0.00000e+00	3.96033e+01	5.50390e+00	7.09886e-02	3.69697e-01
7.00000e+00	5.80000e+01	0.00000e+00	3.79751e+01	1.71572e+01	1.20032e-01	3.93935e-01
7.00000e+00	5.90000e+01	0.00000e+00	3.56888e+01	1.04854e+01	1.12867e-01	4.88683e-01
7.00000e+00	6.00000e+01	0.00000e+00	3.24939e+01	8.51056e+00	4.08499e-02	2.37166e-01
7.00000e+00	6.10000e+01	0.00000e+00	3.29278e+01	8.86594e+00	1.46018e-01	5.12914e-01
7.00000e+00	6.20000e+01	0.00000e+00	3.77399e+01	1.15344e+01	1.35267e-01	4.28111e-01
7.00000e+00	6.30000e+01	0.00000e+00	3.91773e+01	1.12372e+01	1.21703e-01	4.92744e-01
7.00000e+00	6.40000e+01	0.00000e+00	3.82672e+01	8.39118e+00	9.60901e-02	3.59129e-01
7.00000e+00	6.50000e+01	0.00000e+00	4.18621e+01	9.47684e+00	1.20244e-01	3.87704e-01
7.00000e+00	6.60000e+01	0.00000e+00	4.30732e+01	1.82773e+01	1.87733e-01	7.02533e-01
7.00000e+00	6.70000e+01	0.00000e+00	3.97953e+01	7.63919e+00	6.49717e-02	3.58548e-01
7.00000e+00	6.80000e+01	0.00000e+00	3.50163e+01	8.09828e+00	8.94922e-02	2.84710e-01
7.00000e+00	6.90000e+01	0.00000e+00	3.70937e+01	1.33620e+01	1.47503e-01	7.02533e-01
7.00000e+00	7.00000e+01	0.00000e+00	4.17232e+01	1.07007e+01	8.89548e-02	3.68464e-01
7.00000e+00	7.10000e+01	0.00000e+00	3.57615e+01	1.48164e+01	1.64304e-01	5.73583e-01
7.00000e+00	7.20000e+01	0.00000e+00	4.10016e+01	1.39816e+01	1.86826e-01	5.89268e-01
7.00000e+00	7.30000e+01	0.00000e+00	3.73544e+01	1.62346e+01	2.41101e-01	7.89222e-01
7.00000e+00	7.40000e+01	0.00000e+00	3.66706e+01	1.38305e+01	1.33552e-01	5.12563e-01
7.00000e+00	7.50000e+01	0.00000e+00	4.35047e+01	1.07493e+01	1.79819e-01	7.40716e-01
7.00000e+00	7.60000e+01	0.00000e+00	4.54142e+01	1.17802e+01	1.89883e-01	8.03404e-01
7.00000e+00	7.70000e+01	0.00000e+00	4.44361e+01	1.24116e+01	2.65715e-01	9.37935e-01
7.00000e+00	7.80000e+01	0.00000e+00	4.25216e+01	1.57032e+01	1.52807e-01	5.51295e-01
7.00000e+00	7.90000e+01	0.00000e+00	3.61878e+01	1.08909e+01	1.42898e-01	5.04291e-01
7.00000e+00	8.00000e+01	0.00000e+00	3.86530e+01	9.54471e+00	2.35974e-01	6.18823e-01
7.00000e+00	8.10000e+01	0.00000e+00	4.35669e+01	1.02293e+01	1.72048e-01	6.78938e-01
7.00000e+00	8.20000e+01	0.00000e+00	4.44348e+01	8.30006e+00	1.64621e-01	6.00071e-01
7.00000e+00	8.30000e+01	0.00000e+00	4.25768e+01	9.06626e+00	1.44928e-01	7.25221e-01
7.00000e+00	8.40000e+01	0.00000e+00	4.18507e+01	9.72442e+00	1.86892e-01	5.47265e-01
7.00000e+00	8.50000e+01	0.00000e+00	4.28936e+01	9.31946e+00	1.95191e-01	5.58711e-01
7.00000e+00	8.60000e+01	0.00000e+00	3.36481e+01	8.03651e+00	1.19004e-01	4.04011e-01
7.00000e+00	8.70000e+01	0.00000e+00	3.85323e+01	9.99451e+00	1.88662e-01	7.30054e-01
7.00000e+00	8.80000e+01	0.00000e+00	3.89632e+01	8.64684e+00	1.77130e-01	6.10433e-01
7.00000e+00	8.90000e+01	0.00000e+00	4.03745e+01	8.69750e+00	1.16567e-01	5.38258e-01
7.00000e+00	9.00000e+01	0.00000e+00	3.66034e+01	1.13522e+01	1.17887e-01	4.06518e-01
7.00000e+00	9.10000e+01	0.00000e+00	3.87785e+01	7.94622e+00	2.04171e-01	6.32486e-01
7.00000e+00	9.20000e+01	0.00000e+00	3.96064e+01	7.19849e+00	2.39928e-01	8.18917e-01
7.00000e+00	9.30000e+01	0.00000e+00	4.65774e+01	9.18055e+00	1.93525e-01	8.17043e-01
7.00000e+00	9.40000e+01	0.00000e+00	4.44801e+01	8.48586e+00	1.65304e-01	6.28865e-01
7.00000e+00	9.50000e+01	0.00000e+00	3.97407e+01	5.60357e+00	1.84667e-01	6.35609e-01
7.00000e+00	9.60000e+01	0.00000e+00	4.56946e+01	8.60681e+00	1.87062e-01	6.83893e-01
7.00000e+00	9.70000e+01	0.00000e+00	3.94741e+01	8.72631e+00	1.70597e-01	7.10029e-01
7.00000e+00	9.80000e+01	0.00000e+00	3.59582e+01	5.21317e+00	1.41063e-01	6.58501e-01
7.00000e+00	9.90000e+01	0.00000e+00	3.43029e+01	5.86726e+00	1.32923e-01	4.29298e-01
7.00000e+00	1.00000e+02	0.00000e+00	3.20763e+01	8.47537e+00	1.89258e-01	6.66176e-01
7.00000e+00	1.01000e+02	0.00000e+00	3.74052e+01	6.06634e+00	1.58883e-01	6.33570e-01
7.00000e+00	1.02000e+02	0.00000e+00	4.11698e+01	5.86148e+00	1.41309e-01	6.64656e-01
7.00000e+00	1.03000e+02	0.00000e+00	4.21252e+01	7.50057e+00	1.53327e-01	7.22955e-01
7.00000e+00	1.04000e+02	0.00000e+00	4.30504e+01	6.61513e+00	1.32310e-01	5.96728e-01
7.00000e+00	1.05000e+02	0.00000e+00	3.84118e+01	5.14714e+00	1.49816e-01	5.97888e-01
7.00000e+00	1.06000e+02	0.00000e+00	4.35746e+01	7.54474e+00	1.75096e-01	7.16204e-01
7.00000e+00	1.07000e+02	0.00000e+00	4.02494e+01	5.98578e+00	1.42132e-01	5.09258e-01
7.00000e+00	1.08000e+02	0.00000e+00	3.54660e+01	5.30228e+00	1.11041e-01	5.59331e-01
7.00000e+00	1.09000e+02	0.00000e+00	4.16831e+01	5.42240e+00	1.59299e-01	5.59888e-01
7.00000e+00	1.10000e+02	0.00000e+00	4.14172e+01	5.31476e+00	1.30145e-01	5.26489e-01
7.00000e+00	1.11000e+02	0.00000e+00	3.75454e+01	4.86263e+00	1.46872e-01	5.93180e-01
7.00000e+00	1.12000e+02	0.00000e+00	4.13364e+01	5.07255e+00	1.39155e-01	6.24278e-01
7.00000e+00	1.13000e+02	0.00000e+00	4.24363e+01	6.46285e+00	1.65740e-01	6.65652e-01
7.00000e+00	1.14000e+02	0.00000e+00	4.15526e+01	5.88738e+00	1.61390e-01	5.83253e-01
7.00000e+00	1.15000e+02	0.00000e+00	4.33761e+01	6.76082e+00	1.72650e-01	6.36928e-01
7.00000e+00	1.16000e+02	0.00000e+00	4.15703e+01	4.74607e+00	1.47672e-01	4.63876e-01
7.00000e+00	1.17000e+02	0.00000e+00	3.96401e+01	5.31466e+00	1.30965e-01	5.34419e-01
7.00000e+00	1.18000e+02	0.00000e+00	4.04626e+01	5.26701e+00	1.05477e-01	5.92713e-01
7.00000e+00	1.19000e+02	0.00000e+00	3.88839e+01	4.81449e+00	1.81030e-01	6.70565e-01
7.00000e+00	1.20000e+02	0.00000e+00	4.33601e+01	5.41194e+00	1.47830e-01	5.29329e-01
7.00000e+00	1.21000e+02	0.00000e+00	4.41904e+01	4.95126e+00	1.48634e-01	4.82928e-01
7.00000e+00	1.22000e+02	0.00000e+00	3.96851e+01	4.12186e+00	1.22101e-01	4.81722e-01
7.00000e+00	1.23000e+02	0.00000e+00	4.29166e+01	4.60018e+00	1.16874e-01	4.79247e-01
7.00000e+00	1.24000e+02	0.00000e+00	4.20140e+01	5.53325e+00	1.74907e-01	5.35672e-01
7.00000e+00	1.25000e+02	0.00000e+00	4.41447e+01	4.95708e+00	1.55816e-01	5.30430e-01
7.00000e+00	1.26000e+02	0.00000e+00	3.78176e+01	4.94207e+00	1.06214e-01	5.25233e-01
7.00000e+00	1.27000e+02	0.00000e+00	3.86277e+01	5.41457e+00	1.46539e-01	5.07190e-01
7.00000e+00	1.28000e+02	0.00000e+00	4.07677e+01	5.72619e+00	1.36924e-01	6.22906e-01
7.00000e+00	1.29000e+02	0.00000e+00	4.12319e+01	6.41115e+00	1.66137e-01	6.23507e-01
7.00000e+00	1.30000e+02	0.00000e+00	4.10141e+01	4.80111e+00	1.36111e-01	5.71765e-01
7.00000e+00	1.31000e+02	0.00000e+00	3.65397e+01	4.70305e+00	1.09198e-01	4.82840e-01
7.00000e+00	1.32000e+02	0.00000e+00	3.79886e+01	5.05060e+00	1.12696e-01	4.47426e-01
7.00000e+00	1.33000e+02	0.00000e+00	3.58010e+01	3.88786e+00	1.26745e-01	5.01460e-01
7.00000e+00	1.34000e+02	0.00000e+00	2.89505e+01	4.94353e+00	1.07911e-01	4.31210e-01
7.00000e+00	1.35000e+02	0.00000e+00	3.07294e+01	5.35147e+00	1.21234e-01	4.70512e-01
7.00000e+00	1.36000e+02	0.00000e+00	2.86580e+01	5.50084e+00	1.20319e-01	3.82511e-01
7.00000e+00	1.37000e+02	0.00000e+00	3.94271e+01	5.21970e+00	1.45087e-01	4.71674e-01
7.00000e+00	1.38000e+02	0.00000e+00	4.07854e+01	4.80322e+00	9.39449e-02	5.04653e-01
7.00000e+00	1.39000e+02	0.00000e+00	4.08870e+01	5.06575e+00	1.27646e-01	5.88925e-01
7.00000e+00	1.40000e+02	0.00000e+00	3.91738e+01	4.75432e+00	1.08998e-01	4.91395e-01
7.00000e+00	1.41000e+02	0.00000e+00	3.60750e+01	5.07790e+00	1.22801e-01	4.55784e-01
7.00000e+00	1.42000e+02	0.00000e+00	3.71265e+01	4.60633e+00	9.17206e-02	3.88455e-01
7.00000e+00	1.43000e+02	0.00000e+00	3.00363e+01	5.64911e+00	1.07260e-01	4.63688e-01
7.00000e+00	1.44000e+02	0.00000e+00	3.48452e+01	5.19435e+00	1.14919e-01	4.06899e-01
7.00000e+00	1.45000e+02	0.00000e+00	2.65118e+01	5.04243e+00	8.36135e-02	3.76392e-01
7.00000e+00	1.46000e+02	0.00000e+00	2.96499e+01	5.14165e+00	9.78446e-02	4.45862e-01
7.00000e+00	1.47000e+02	0.00000e+00	3.75323e+01	4.55456e+00	1.01985e-01	4.17775e-01
7.00000e+00	1.48000e+02	0.00000e+00	2.53129e+01	5.00374e+00	1.05095e-01	3.79070e-01
7.00000e+00	1.49000e+02	0.00000e+00	2.69865e+01	4.47690e+00	1.01862e-01	3.70527e-01
7.00000e+00	1.50000e+02	0.00000e+00	3.30851e+01	5.49695e+00	1.15771e-01	4.95514e-01
7.00000e+00	1.51000e+02	0.00000e+00	2.99728e+01	3.61570e+00	7.37408e-02	3.42728e-01
7.00000e+00	1.52000e+02	0.00000e+00	3.05222e+01	4.90720e+00	1.03794e-01	4.48132e-01
7.00000e+00	1.53000e+02	0.00000e+00	2.64751e+01	4.94219e+00	9.07605e-02	4.19986e-01
7.00000e+00	1.54000e+02	0.00000e+00	3.01590e+01	5.68997e+00	9.68145e-02	4.52580e-01
7.00000e+00	1.55000e+02	0.00000e+00	2.79794e+01	4.62981e+00	1.03264e-01	4.05953e-01
7.00000e+00	1.56000e+02	0.00000e+00	2.47297e+01	4.52792e+00	8.28139e-02	3.55796e-01
7.00000e+00	1.57000e+02	0.00000e+00	2.86485e+01	4.64143e+00	8.75712e-02	3.46333e-01
7.00000e+00	1.58000e+02	0.00000e+00	3.16472e+01	4.76790e+00	1.19319e-01	4.55775e-01
7.00000e+00	1.59000e+02	0.00000e+00	3.52736e+01	5.91005e+00	1.16973e-01	4.95898e-01
7.00000e+00	1.60000e+02	0.00000e+00	3.20270e+01	6.10912e+00	1.20091e-01	5.00703e-01
