location_mm	Angle_mrad	Charge_pC	ChargeDen_pC/mrad
3.61241e+01	2.40827e+01	3.26047e+00	1.70587e+01
3.58374e+01	2.38916e+01	3.23261e+00	1.69129e+01
3.55507e+01	2.37004e+01	3.24623e+00	1.69842e+01
3.52640e+01	2.35093e+01	3.29816e+00	1.72559e+01
3.49773e+01	2.33182e+01	3.33344e+00	1.74405e+01
3.46906e+01	2.31270e+01	3.35245e+00	1.75399e+01
3.44039e+01	2.29359e+01	3.38450e+00	1.77076e+01
3.41172e+01	2.27448e+01	3.44270e+00	1.80121e+01
3.38305e+01	2.25536e+01	3.46468e+00	1.81271e+01
3.35438e+01	2.23625e+01	3.50235e+00	1.83242e+01
3.32571e+01	2.21714e+01	3.54390e+00	1.85416e+01
3.29704e+01	2.19802e+01	3.54674e+00	1.85565e+01
3.26837e+01	2.17891e+01	3.58092e+00	1.87353e+01
3.23970e+01	2.15980e+01	3.61048e+00	1.88899e+01
3.21103e+01	2.14069e+01	3.65145e+00	1.91043e+01
3.18236e+01	2.12157e+01	3.71053e+00	1.94134e+01
3.15369e+01	2.10246e+01	3.71960e+00	1.94608e+01
3.12502e+01	2.08335e+01	3.75178e+00	1.96292e+01
3.09635e+01	2.06423e+01	3.75783e+00	1.96608e+01
3.06768e+01	2.04512e+01	3.81348e+00	1.99520e+01
3.03901e+01	2.02601e+01	3.84986e+00	2.01424e+01
3.01034e+01	2.00689e+01	3.89641e+00	2.03859e+01
2.98167e+01	1.98778e+01	3.92840e+00	2.05532e+01
2.95300e+01	1.96867e+01	3.97960e+00	2.08212e+01
2.92433e+01	1.94955e+01	4.00882e+00	2.09740e+01
2.89566e+01	1.93044e+01	4.05808e+00	2.12317e+01
2.86699e+01	1.91133e+01	4.10803e+00	2.14931e+01
2.83832e+01	1.89221e+01	4.15107e+00	2.17183e+01
2.80965e+01	1.87310e+01	4.21729e+00	2.20648e+01
2.78098e+01	1.85399e+01	4.22689e+00	2.21150e+01
2.75231e+01	1.83487e+01	4.28472e+00	2.24175e+01
2.72364e+01	1.81576e+01	4.31733e+00	2.25881e+01
2.69497e+01	1.79665e+01	4.36695e+00	2.28477e+01
2.66630e+01	1.77753e+01	4.38157e+00	2.29242e+01
2.63763e+01	1.75842e+01	4.46666e+00	2.33694e+01
2.60896e+01	1.73931e+01	4.50959e+00	2.35940e+01
2.58029e+01	1.72019e+01	4.54996e+00	2.38053e+01
2.55162e+01	1.70108e+01	4.59125e+00	2.40213e+01
2.52295e+01	1.68197e+01	4.63470e+00	2.42486e+01
2.49428e+01	1.66285e+01	4.69626e+00	2.45707e+01
2.46561e+01	1.64374e+01	4.75774e+00	2.48924e+01
2.43694e+01	1.62463e+01	4.80095e+00	2.51184e+01
2.40827e+01	1.60551e+01	4.87799e+00	2.55215e+01
2.37960e+01	1.58640e+01	4.92504e+00	2.57676e+01
2.35093e+01	1.56729e+01	5.00077e+00	2.61639e+01
2.32226e+01	1.54817e+01	5.06523e+00	2.65011e+01
2.29359e+01	1.52906e+01	5.11779e+00	2.67761e+01
2.26492e+01	1.50995e+01	5.16268e+00	2.70110e+01
2.23625e+01	1.49083e+01	5.24764e+00	2.74555e+01
2.20758e+01	1.47172e+01	5.29622e+00	2.77097e+01
2.17891e+01	1.45261e+01	5.39898e+00	2.82473e+01
2.15024e+01	1.43349e+01	5.46290e+00	2.85817e+01
2.12157e+01	1.41438e+01	5.52938e+00	2.89296e+01
2.09290e+01	1.39527e+01	5.60612e+00	2.93311e+01
2.06423e+01	1.37615e+01	5.71001e+00	2.98746e+01
2.03556e+01	1.35704e+01	5.80133e+00	3.03524e+01
2.00689e+01	1.33793e+01	5.89205e+00	3.08270e+01
1.97822e+01	1.31881e+01	5.97673e+00	3.12701e+01
1.94955e+01	1.29970e+01	6.08488e+00	3.18359e+01
1.92088e+01	1.28059e+01	6.16578e+00	3.22592e+01
1.89221e+01	1.26148e+01	6.28767e+00	3.28969e+01
1.86354e+01	1.24236e+01	6.38785e+00	3.34211e+01
1.83487e+01	1.22325e+01	6.49337e+00	3.39731e+01
1.80620e+01	1.20414e+01	6.63040e+00	3.46900e+01
1.77753e+01	1.18502e+01	6.77348e+00	3.54386e+01
1.74886e+01	1.16591e+01	6.90000e+00	3.61006e+01
1.72019e+01	1.14680e+01	7.05160e+00	3.68937e+01
1.69152e+01	1.12768e+01	7.17025e+00	3.75146e+01
1.66285e+01	1.10857e+01	7.36207e+00	3.85181e+01
1.63418e+01	1.08946e+01	7.54330e+00	3.94663e+01
1.60551e+01	1.07034e+01	7.74901e+00	4.05426e+01
1.57684e+01	1.05123e+01	7.95555e+00	4.16232e+01
1.54817e+01	1.03212e+01	8.18981e+00	4.28488e+01
1.51950e+01	1.01300e+01	8.42602e+00	4.40847e+01
1.49083e+01	9.93890e+00	8.73401e+00	4.56961e+01
1.46216e+01	9.74776e+00	9.04851e+00	4.73415e+01
1.43349e+01	9.55663e+00	9.44336e+00	4.94074e+01
1.40482e+01	9.36550e+00	9.82465e+00	5.14023e+01
1.37615e+01	9.17436e+00	1.03228e+01	5.40087e+01
1.34748e+01	8.98323e+00	1.08377e+01	5.67026e+01
1.31881e+01	8.79210e+00	1.14204e+01	5.97511e+01
1.29015e+01	8.60097e+00	1.20761e+01	6.31819e+01
1.26148e+01	8.40983e+00	1.28409e+01	6.71832e+01
1.23281e+01	8.21870e+00	1.36229e+01	7.12745e+01
1.20414e+01	8.02757e+00	1.45381e+01	7.60631e+01
1.17547e+01	7.83644e+00	1.55263e+01	8.12330e+01
1.14680e+01	7.64530e+00	1.65332e+01	8.65012e+01
1.11813e+01	7.45417e+00	1.77123e+01	9.26703e+01
1.08946e+01	7.26304e+00	1.89617e+01	9.92073e+01
1.06079e+01	7.07191e+00	2.03345e+01	1.06389e+02
1.03212e+01	6.88077e+00	2.18011e+01	1.14063e+02
1.00345e+01	6.68964e+00	2.34285e+01	1.22577e+02
9.74776e+00	6.49851e+00	2.50586e+01	1.31106e+02
9.46106e+00	6.30738e+00	2.69735e+01	1.41125e+02
9.17436e+00	6.11624e+00	2.90512e+01	1.51995e+02
8.88767e+00	5.92511e+00	3.12682e+01	1.63594e+02
8.60097e+00	5.73398e+00	3.36822e+01	1.76224e+02
8.31427e+00	5.54285e+00	3.63077e+01	1.89961e+02
8.02757e+00	5.35171e+00	3.92404e+01	2.05305e+02
7.74087e+00	5.16058e+00	4.23434e+01	2.21539e+02
7.45417e+00	4.96945e+00	4.57070e+01	2.39138e+02
7.16747e+00	4.77831e+00	4.93460e+01	2.58177e+02
6.88077e+00	4.58718e+00	5.31627e+01	2.78145e+02
6.59407e+00	4.39605e+00	5.72796e+01	2.99685e+02
6.30738e+00	4.20492e+00	6.15987e+01	3.22283e+02
6.02068e+00	4.01378e+00	6.60360e+01	3.45499e+02
5.73398e+00	3.82265e+00	7.07016e+01	3.69908e+02
5.44728e+00	3.63152e+00	7.55914e+01	3.95492e+02
5.16058e+00	3.44039e+00	8.05765e+01	4.21574e+02
4.87388e+00	3.24925e+00	8.56886e+01	4.48320e+02
4.58718e+00	3.05812e+00	9.08181e+01	4.75158e+02
4.30048e+00	2.86699e+00	9.60674e+01	5.02621e+02
4.01378e+00	2.67586e+00	1.01362e+02	5.30322e+02
3.72709e+00	2.48472e+00	1.06424e+02	5.56809e+02
3.44039e+00	2.29359e+00	1.11431e+02	5.83002e+02
3.15369e+00	2.10246e+00	1.16520e+02	6.09629e+02
2.86699e+00	1.91133e+00	1.21383e+02	6.35071e+02
2.58029e+00	1.72019e+00	1.26183e+02	6.60187e+02
2.29359e+00	1.52906e+00	1.30628e+02	6.83442e+02
2.00689e+00	1.33793e+00	1.34789e+02	7.05211e+02
1.72019e+00	1.14680e+00	1.39309e+02	7.28862e+02
1.43349e+00	9.55663e-01	1.43390e+02	7.50215e+02
1.14680e+00	7.64530e-01	1.47244e+02	7.70375e+02
8.60097e-01	5.73398e-01	1.51222e+02	7.91190e+02
5.73398e-01	3.82265e-01	1.55018e+02	8.11050e+02
2.86699e-01	1.91133e-01	1.58816e+02	8.30918e+02
-0.00000e+00	-0.00000e+00	1.62644e+02	8.50946e+02
-2.86699e-01	-1.91133e-01	1.66322e+02	8.70192e+02
-5.73398e-01	-3.82265e-01	1.70006e+02	8.89467e+02
-8.60097e-01	-5.73398e-01	1.73472e+02	9.07600e+02
-1.14680e+00	-7.64530e-01	1.76885e+02	9.25459e+02
-1.43349e+00	-9.55663e-01	1.80513e+02	9.44441e+02
-1.72019e+00	-1.14680e+00	1.83568e+02	9.60421e+02
-2.00689e+00	-1.33793e+00	1.86404e+02	9.75262e+02
-2.29359e+00	-1.52906e+00	1.89094e+02	9.89335e+02
-2.58029e+00	-1.72019e+00	1.91212e+02	1.00042e+03
-2.86699e+00	-1.91133e+00	1.93483e+02	1.01230e+03
-3.15369e+00	-2.10246e+00	1.95115e+02	1.02084e+03
-3.44039e+00	-2.29359e+00	1.96711e+02	1.02918e+03
-3.72709e+00	-2.48472e+00	1.97977e+02	1.03581e+03
-4.01378e+00	-2.67586e+00	1.99000e+02	1.04116e+03
-4.30048e+00	-2.86699e+00	1.99873e+02	1.04573e+03
-4.58718e+00	-3.05812e+00	2.00648e+02	1.04978e+03
-4.87388e+00	-3.24925e+00	2.00875e+02	1.05097e+03
-5.16058e+00	-3.44039e+00	2.00996e+02	1.05161e+03
-5.44728e+00	-3.63152e+00	2.01140e+02	1.05236e+03
-5.73398e+00	-3.82265e+00	2.00665e+02	1.04988e+03
-6.02068e+00	-4.01378e+00	2.00670e+02	1.04990e+03
-6.30738e+00	-4.20492e+00	2.00148e+02	1.04717e+03
-6.59407e+00	-4.39605e+00	1.99799e+02	1.04534e+03
-6.88077e+00	-4.58718e+00	1.99338e+02	1.04293e+03
-7.16747e+00	-4.77831e+00	1.98278e+02	1.03739e+03
-7.45417e+00	-4.96945e+00	1.97319e+02	1.03237e+03
-7.74087e+00	-5.16058e+00	1.96121e+02	1.02610e+03
-8.02757e+00	-5.35171e+00	1.94729e+02	1.01882e+03
-8.31427e+00	-5.54285e+00	1.93316e+02	1.01142e+03
-8.60097e+00	-5.73398e+00	1.91444e+02	1.00163e+03
-8.88767e+00	-5.92511e+00	1.89345e+02	9.90648e+02
-9.17436e+00	-6.11624e+00	1.87337e+02	9.80143e+02
-9.46106e+00	-6.30738e+00	1.84610e+02	9.65875e+02
-9.74776e+00	-6.49851e+00	1.81882e+02	9.51600e+02
-1.00345e+01	-6.68964e+00	1.78867e+02	9.35825e+02
-1.03212e+01	-6.88077e+00	1.75229e+02	9.16792e+02
-1.06079e+01	-7.07191e+00	1.71676e+02	8.98202e+02
-1.08946e+01	-7.26304e+00	1.67702e+02	8.77411e+02
-1.11813e+01	-7.45417e+00	1.63524e+02	8.55551e+02
-1.14680e+01	-7.64530e+00	1.59295e+02	8.33424e+02
-1.17547e+01	-7.83644e+00	1.54832e+02	8.10074e+02
-1.20414e+01	-8.02757e+00	1.50145e+02	7.85556e+02
-1.23281e+01	-8.21870e+00	1.45761e+02	7.62616e+02
-1.26148e+01	-8.40983e+00	1.41198e+02	7.38744e+02
-1.29015e+01	-8.60097e+00	1.36795e+02	7.15706e+02
-1.31881e+01	-8.79210e+00	1.32555e+02	6.93522e+02
-1.34748e+01	-8.98323e+00	1.28354e+02	6.71542e+02
-1.37615e+01	-9.17436e+00	1.24432e+02	6.51025e+02
-1.40482e+01	-9.36550e+00	1.20458e+02	6.30232e+02
-1.43349e+01	-9.55663e+00	1.16494e+02	6.09491e+02
-1.46216e+01	-9.74776e+00	1.12817e+02	5.90255e+02
-1.49083e+01	-9.93890e+00	1.09138e+02	5.71008e+02
-1.51950e+01	-1.01300e+01	1.05575e+02	5.52368e+02
-1.54817e+01	-1.03212e+01	1.02392e+02	5.35710e+02
-1.57684e+01	-1.05123e+01	9.90634e+01	5.18297e+02
-1.60551e+01	-1.07034e+01	9.60433e+01	5.02496e+02
-1.63418e+01	-1.08946e+01	9.30584e+01	4.86879e+02
-1.66285e+01	-1.10857e+01	9.03327e+01	4.72618e+02
-1.69152e+01	-1.12768e+01	8.76734e+01	4.58705e+02
-1.72019e+01	-1.14680e+01	8.51649e+01	4.45580e+02
-1.74886e+01	-1.16591e+01	8.27792e+01	4.33098e+02
-1.77753e+01	-1.18502e+01	8.04717e+01	4.21025e+02
-1.80620e+01	-1.20414e+01	7.82210e+01	4.09250e+02
-1.83487e+01	-1.22325e+01	7.60762e+01	3.98028e+02
-1.86354e+01	-1.24236e+01	7.41606e+01	3.88006e+02
-1.89221e+01	-1.26148e+01	7.22799e+01	3.78166e+02
-1.92088e+01	-1.28059e+01	7.04663e+01	3.68677e+02
-1.94955e+01	-1.29970e+01	6.88626e+01	3.60287e+02
-1.97822e+01	-1.31881e+01	6.71775e+01	3.51471e+02
-2.00689e+01	-1.33793e+01	6.58227e+01	3.44382e+02
-2.03556e+01	-1.35704e+01	6.43081e+01	3.36458e+02
-2.06423e+01	-1.37615e+01	6.28923e+01	3.29051e+02
-2.09290e+01	-1.39527e+01	6.15768e+01	3.22168e+02
-2.12157e+01	-1.41438e+01	6.02670e+01	3.15315e+02
-2.15024e+01	-1.43349e+01	5.90898e+01	3.09156e+02
-2.17891e+01	-1.45261e+01	5.80049e+01	3.03480e+02
-2.20758e+01	-1.47172e+01	5.69094e+01	2.97748e+02
-2.23625e+01	-1.49083e+01	5.58153e+01	2.92024e+02
-2.26492e+01	-1.50995e+01	5.48086e+01	2.86757e+02
-2.29359e+01	-1.52906e+01	5.37967e+01	2.81462e+02
-2.32226e+01	-1.54817e+01	5.29284e+01	2.76920e+02
-2.35093e+01	-1.56729e+01	5.20097e+01	2.72113e+02
-2.37960e+01	-1.58640e+01	5.11198e+01	2.67457e+02
-2.40827e+01	-1.60551e+01	5.02546e+01	2.62931e+02
-2.43694e+01	-1.62463e+01	4.93565e+01	2.58232e+02
-2.46561e+01	-1.64374e+01	4.86112e+01	2.54332e+02
-2.49428e+01	-1.66285e+01	4.78869e+01	2.50543e+02
-2.52295e+01	-1.68197e+01	4.71308e+01	2.46587e+02
-2.55162e+01	-1.70108e+01	4.65015e+01	2.43294e+02
-2.58029e+01	-1.72019e+01	4.58612e+01	2.39945e+02
-2.60896e+01	-1.73931e+01	4.51335e+01	2.36137e+02
-2.63763e+01	-1.75842e+01	4.44803e+01	2.32720e+02
-2.66630e+01	-1.77753e+01	4.38277e+01	2.29305e+02
-2.69497e+01	-1.79665e+01	4.32501e+01	2.26283e+02
-2.72364e+01	-1.81576e+01	4.27028e+01	2.23420e+02
-2.75231e+01	-1.83487e+01	4.20929e+01	2.20229e+02
-2.78098e+01	-1.85399e+01	4.15003e+01	2.17128e+02
-2.80965e+01	-1.87310e+01	4.10011e+01	2.14517e+02
-2.83832e+01	-1.89221e+01	4.04545e+01	2.11657e+02
-2.86699e+01	-1.91133e+01	3.99041e+01	2.08777e+02
-2.89566e+01	-1.93044e+01	3.93870e+01	2.06072e+02
-2.92433e+01	-1.94955e+01	3.88800e+01	2.03419e+02
-2.95300e+01	-1.96867e+01	3.83793e+01	2.00799e+02
-2.98167e+01	-1.98778e+01	3.78361e+01	1.97958e+02
-3.01034e+01	-2.00689e+01	3.73572e+01	1.95452e+02
-3.03901e+01	-2.02601e+01	3.68998e+01	1.93059e+02
-3.06768e+01	-2.04512e+01	3.64204e+01	1.90551e+02
-3.09635e+01	-2.06423e+01	3.59798e+01	1.88245e+02
-3.12502e+01	-2.08335e+01	3.55578e+01	1.86037e+02
-3.15369e+01	-2.10246e+01	3.51310e+01	1.83804e+02
-3.18236e+01	-2.12157e+01	3.46935e+01	1.81516e+02
-3.21103e+01	-2.14069e+01	3.42640e+01	1.79268e+02
-3.23970e+01	-2.15980e+01	3.38101e+01	1.76893e+02
-3.26837e+01	-2.17891e+01	3.34100e+01	1.74800e+02
-3.29704e+01	-2.19802e+01	3.30419e+01	1.72874e+02
-3.32571e+01	-2.21714e+01	3.26677e+01	1.70916e+02
-3.35438e+01	-2.23625e+01	3.22516e+01	1.68740e+02
-3.38305e+01	-2.25536e+01	3.18360e+01	1.66565e+02
-3.41172e+01	-2.27448e+01	3.15156e+01	1.64889e+02
-3.44039e+01	-2.29359e+01	3.11507e+01	1.62979e+02
-3.46906e+01	-2.31270e+01	3.07843e+01	1.61063e+02
-3.49773e+01	-2.33182e+01	3.04638e+01	1.59386e+02
-3.52640e+01	-2.35093e+01	3.00554e+01	1.57249e+02
-3.55507e+01	-2.37004e+01	2.97257e+01	1.55524e+02
-3.58374e+01	-2.38916e+01	2.93891e+01	1.53763e+02
-3.61241e+01	-2.40827e+01	2.90055e+01	1.51756e+02
-3.64108e+01	-2.42738e+01	2.86890e+01	1.50100e+02
-3.66975e+01	-2.44650e+01	2.83678e+01	1.48420e+02
-3.69842e+01	-2.46561e+01	2.80498e+01	1.46756e+02
-3.72709e+01	-2.48472e+01	2.77383e+01	1.45126e+02
-3.75576e+01	-2.50384e+01	2.74024e+01	1.43369e+02
-3.78443e+01	-2.52295e+01	2.71340e+01	1.41964e+02
-3.81310e+01	-2.54206e+01	2.68170e+01	1.40306e+02
-3.84177e+01	-2.56118e+01	2.64975e+01	1.38634e+02
-3.87044e+01	-2.58029e+01	2.62531e+01	1.37355e+02
-3.89910e+01	-2.59940e+01	2.59351e+01	1.35692e+02
-3.92777e+01	-2.61852e+01	2.56237e+01	1.34063e+02
-3.95644e+01	-2.63763e+01	2.53811e+01	1.32793e+02
-3.98511e+01	-2.65674e+01	2.50870e+01	1.31254e+02
-4.01378e+01	-2.67586e+01	2.47904e+01	1.29702e+02
-4.04245e+01	-2.69497e+01	2.45309e+01	1.28345e+02
-4.07112e+01	-2.71408e+01	2.42686e+01	1.26973e+02
-4.09979e+01	-2.73320e+01	2.39789e+01	1.25457e+02
-4.12846e+01	-2.75231e+01	2.37398e+01	1.24206e+02
-4.15713e+01	-2.77142e+01	2.34771e+01	1.22831e+02
-4.18580e+01	-2.79054e+01	2.32251e+01	1.21513e+02
-4.21447e+01	-2.80965e+01	2.30113e+01	1.20394e+02
-4.24314e+01	-2.82876e+01	2.26904e+01	1.18716e+02
-4.27181e+01	-2.84788e+01	2.25049e+01	1.17745e+02
-4.30048e+01	-2.86699e+01	2.22540e+01	1.16432e+02
-4.32915e+01	-2.88610e+01	2.20247e+01	1.15233e+02
-4.35782e+01	-2.90522e+01	2.17767e+01	1.13935e+02
-4.38649e+01	-2.92433e+01	2.15110e+01	1.12545e+02
-4.41516e+01	-2.94344e+01	2.12765e+01	1.11318e+02
-4.44383e+01	-2.96256e+01	2.10492e+01	1.10129e+02
-4.47250e+01	-2.98167e+01	2.08537e+01	1.09106e+02
-4.50117e+01	-3.00078e+01	2.06806e+01	1.08200e+02
-4.52984e+01	-3.01990e+01	2.04660e+01	1.07078e+02
-4.55851e+01	-3.03901e+01	2.02822e+01	1.06116e+02
-4.58718e+01	-3.05812e+01	2.00462e+01	1.04881e+02
-4.61585e+01	-3.07723e+01	1.98596e+01	1.03905e+02
-4.64452e+01	-3.09635e+01	1.96346e+01	1.02728e+02
-4.67319e+01	-3.11546e+01	1.94673e+01	1.01852e+02
-4.70186e+01	-3.13457e+01	1.92498e+01	1.00714e+02
-4.73053e+01	-3.15369e+01	1.90629e+01	9.97364e+01
-4.75920e+01	-3.17280e+01	1.88935e+01	9.88504e+01
-4.78787e+01	-3.19191e+01	1.86833e+01	9.77504e+01
-4.81654e+01	-3.21103e+01	1.85255e+01	9.69250e+01
-4.84521e+01	-3.23014e+01	1.83373e+01	9.59400e+01
-4.87388e+01	-3.24925e+01	1.81526e+01	9.49741e+01
-4.90255e+01	-3.26837e+01	1.79787e+01	9.40643e+01
-4.93122e+01	-3.28748e+01	1.77898e+01	9.30756e+01
-4.95989e+01	-3.30659e+01	1.76089e+01	9.21292e+01
-4.98856e+01	-3.32571e+01	1.74623e+01	9.13625e+01
-5.01723e+01	-3.34482e+01	1.72939e+01	9.04810e+01
-5.04590e+01	-3.36393e+01	1.71130e+01	8.95349e+01
-5.07457e+01	-3.38305e+01	1.69490e+01	8.86766e+01
-5.10324e+01	-3.40216e+01	1.67996e+01	8.78951e+01
-5.13191e+01	-3.42127e+01	1.66434e+01	8.70777e+01
-5.16058e+01	-3.44039e+01	1.64937e+01	8.62946e+01
-5.18925e+01	-3.45950e+01	1.63438e+01	8.55104e+01
-5.21792e+01	-3.47861e+01	1.61626e+01	8.45623e+01
-5.24659e+01	-3.49773e+01	1.60038e+01	8.37314e+01
-5.27526e+01	-3.51684e+01	1.58607e+01	8.29827e+01
-5.30393e+01	-3.53595e+01	1.57528e+01	8.24179e+01
-5.33260e+01	-3.55507e+01	1.55540e+01	8.13783e+01
-5.36127e+01	-3.57418e+01	1.54618e+01	8.08955e+01
-5.38994e+01	-3.59329e+01	1.53120e+01	8.01117e+01
-5.41861e+01	-3.61241e+01	1.51584e+01	7.93086e+01
-5.44728e+01	-3.63152e+01	1.50400e+01	7.86887e+01
-5.47595e+01	-3.65063e+01	1.49345e+01	7.81367e+01
-5.50462e+01	-3.66975e+01	1.47552e+01	7.71990e+01
-5.53329e+01	-3.68886e+01	1.46251e+01	7.65181e+01
-5.56196e+01	-3.70797e+01	1.45022e+01	7.58750e+01
-5.59063e+01	-3.72709e+01	1.44280e+01	7.54871e+01
-5.61930e+01	-3.74620e+01	1.42520e+01	7.45662e+01
-5.64797e+01	-3.76531e+01	1.41372e+01	7.39655e+01
-5.67664e+01	-3.78443e+01	1.40006e+01	7.32507e+01
-5.70531e+01	-3.80354e+01	1.38723e+01	7.25792e+01
-5.73398e+01	-3.82265e+01	1.37590e+01	7.19864e+01
-5.76265e+01	-3.84177e+01	1.36593e+01	7.14650e+01
-5.79132e+01	-3.86088e+01	1.35314e+01	7.07960e+01
-5.81999e+01	-3.87999e+01	1.34185e+01	7.02054e+01
-5.84866e+01	-3.89910e+01	1.32901e+01	6.95333e+01
-5.87733e+01	-3.91822e+01	1.31336e+01	6.87147e+01
-5.90600e+01	-3.93733e+01	1.30642e+01	6.83513e+01
-5.93467e+01	-3.95644e+01	1.29261e+01	6.76288e+01
-5.96334e+01	-3.97556e+01	1.28115e+01	6.70296e+01
-5.99201e+01	-3.99467e+01	1.27071e+01	6.64832e+01
-6.02068e+01	-4.01378e+01	1.26110e+01	6.59803e+01
-6.04935e+01	-4.03290e+01	1.24793e+01	6.52916e+01
-6.07802e+01	-4.05201e+01	1.23795e+01	6.47690e+01
-6.10669e+01	-4.07112e+01	1.22664e+01	6.41774e+01
-6.13536e+01	-4.09024e+01	1.21618e+01	6.36302e+01
-6.16403e+01	-4.10935e+01	1.20826e+01	6.32157e+01
-6.19270e+01	-4.12846e+01	1.19671e+01	6.26115e+01
-6.22137e+01	-4.14758e+01	1.18857e+01	6.21858e+01
-6.25004e+01	-4.16669e+01	1.17639e+01	6.15486e+01
-6.27871e+01	-4.18580e+01	1.16602e+01	6.10058e+01
-6.30738e+01	-4.20492e+01	1.15756e+01	6.05634e+01
-6.33605e+01	-4.22403e+01	1.14651e+01	5.99850e+01
-6.36472e+01	-4.24314e+01	1.13904e+01	5.95940e+01
-6.39339e+01	-4.26226e+01	1.13205e+01	5.92286e+01
-6.42206e+01	-4.28137e+01	1.12188e+01	5.86962e+01
-6.45073e+01	-4.30048e+01	1.11207e+01	5.81831e+01
-6.47940e+01	-4.31960e+01	1.10185e+01	5.76485e+01
-6.50806e+01	-4.33871e+01	1.09006e+01	5.70317e+01
-6.53673e+01	-4.35782e+01	1.08301e+01	5.66625e+01
-6.56540e+01	-4.37694e+01	1.07302e+01	5.61400e+01
-6.59407e+01	-4.39605e+01	1.06770e+01	5.58620e+01
-6.62274e+01	-4.41516e+01	1.05669e+01	5.52858e+01
-6.65141e+01	-4.43428e+01	1.05029e+01	5.49511e+01
-6.68008e+01	-4.45339e+01	1.04074e+01	5.44511e+01
-6.70875e+01	-4.47250e+01	1.03182e+01	5.39844e+01
-6.73742e+01	-4.49162e+01	1.02245e+01	5.34945e+01
-6.76609e+01	-4.51073e+01	1.01444e+01	5.30752e+01
-6.79476e+01	-4.52984e+01	1.01036e+01	5.28617e+01
-6.82343e+01	-4.54896e+01	1.00196e+01	5.24222e+01
-6.85210e+01	-4.56807e+01	9.93622e+00	5.19860e+01
-6.88077e+01	-4.58718e+01	9.81420e+00	5.13476e+01
-6.90944e+01	-4.60630e+01	9.73885e+00	5.09534e+01
-6.93811e+01	-4.62541e+01	9.66050e+00	5.05435e+01
-6.96678e+01	-4.64452e+01	9.60095e+00	5.02319e+01
-6.99545e+01	-4.66364e+01	9.51544e+00	4.97845e+01
-7.02412e+01	-4.68275e+01	9.43464e+00	4.93618e+01
-7.05279e+01	-4.70186e+01	9.35200e+00	4.89294e+01
-7.08146e+01	-4.72098e+01	9.27882e+00	4.85465e+01
-7.11013e+01	-4.74009e+01	9.20787e+00	4.81753e+01
-7.13880e+01	-4.75920e+01	9.12879e+00	4.77615e+01
-7.16747e+01	-4.77831e+01	9.02418e+00	4.72142e+01
-7.19614e+01	-4.79743e+01	8.96858e+00	4.69233e+01
-7.22481e+01	-4.81654e+01	8.89614e+00	4.65443e+01
-7.25348e+01	-4.83565e+01	8.82530e+00	4.61737e+01
-7.28215e+01	-4.85477e+01	8.73413e+00	4.56967e+01
-7.31082e+01	-4.87388e+01	8.69361e+00	4.54847e+01
-7.33949e+01	-4.89299e+01	8.61946e+00	4.50968e+01
-7.36816e+01	-4.91211e+01	8.54833e+00	4.47246e+01
-7.39683e+01	-4.93122e+01	8.47756e+00	4.43544e+01
-7.42550e+01	-4.95033e+01	8.40809e+00	4.39909e+01
-7.45417e+01	-4.96945e+01	8.32806e+00	4.35722e+01
-7.48284e+01	-4.98856e+01	8.24740e+00	4.31502e+01
-7.51151e+01	-5.00767e+01	8.20131e+00	4.29090e+01
-7.54018e+01	-5.02679e+01	8.15518e+00	4.26677e+01
-7.56885e+01	-5.04590e+01	8.01752e+00	4.19474e+01
-7.59752e+01	-5.06501e+01	7.95209e+00	4.16051e+01
-7.62619e+01	-5.08413e+01	7.89934e+00	4.13291e+01
-7.65486e+01	-5.10324e+01	7.83769e+00	4.10066e+01
-7.68353e+01	-5.12235e+01	7.76865e+00	4.06453e+01
-7.71220e+01	-5.14147e+01	7.71138e+00	4.03457e+01
-7.74087e+01	-5.16058e+01	7.62422e+00	3.98897e+01
-7.76954e+01	-5.17969e+01	7.55364e+00	3.95204e+01
-7.79821e+01	-5.19881e+01	7.49175e+00	3.91966e+01
-7.82688e+01	-5.21792e+01	7.40498e+00	3.87426e+01
-7.85555e+01	-5.23703e+01	7.32208e+00	3.83089e+01
-7.88422e+01	-5.25615e+01	7.24367e+00	3.78986e+01
-7.91289e+01	-5.27526e+01	7.21549e+00	3.77512e+01
-7.94156e+01	-5.29437e+01	7.12260e+00	3.72652e+01
-7.97023e+01	-5.31349e+01	7.03751e+00	3.68200e+01
-7.99890e+01	-5.33260e+01	6.96115e+00	3.64205e+01
-8.02757e+01	-5.35171e+01	6.90835e+00	3.61443e+01
-8.05624e+01	-5.37083e+01	6.83753e+00	3.57737e+01
-8.08491e+01	-5.38994e+01	6.75087e+00	3.53203e+01
-8.11358e+01	-5.40905e+01	6.67676e+00	3.49326e+01
-8.14225e+01	-5.42817e+01	6.57477e+00	3.43990e+01
-8.17092e+01	-5.44728e+01	6.51750e+00	3.40994e+01
-8.19959e+01	-5.46639e+01	6.45026e+00	3.37476e+01
-8.22826e+01	-5.48551e+01	6.36106e+00	3.32809e+01
-8.25693e+01	-5.50462e+01	6.30348e+00	3.29796e+01
-8.28560e+01	-5.52373e+01	6.22105e+00	3.25483e+01
-8.31427e+01	-5.54285e+01	6.13399e+00	3.20928e+01
-8.34294e+01	-5.56196e+01	6.06665e+00	3.17405e+01
-8.37161e+01	-5.58107e+01	5.98213e+00	3.12983e+01
-8.40028e+01	-5.60019e+01	5.91939e+00	3.09701e+01
-8.42895e+01	-5.61930e+01	5.80153e+00	3.03535e+01
-8.45762e+01	-5.63841e+01	5.75646e+00	3.01176e+01
-8.48629e+01	-5.65752e+01	5.67425e+00	2.96875e+01
-8.51496e+01	-5.67664e+01	5.59719e+00	2.92843e+01
-8.54363e+01	-5.69575e+01	5.51121e+00	2.88345e+01
-8.57230e+01	-5.71486e+01	5.44181e+00	2.84714e+01
-8.60097e+01	-5.73398e+01	5.37724e+00	2.81335e+01
-8.62964e+01	-5.75309e+01	5.29518e+00	2.77042e+01
-8.65831e+01	-5.77220e+01	5.20986e+00	2.72578e+01
-8.68698e+01	-5.79132e+01	5.12793e+00	2.68292e+01
-8.71565e+01	-5.81043e+01	5.05919e+00	2.64695e+01
-8.74432e+01	-5.82954e+01	4.98459e+00	2.60792e+01
-8.77299e+01	-5.84866e+01	4.88404e+00	2.55532e+01
-8.80166e+01	-5.86777e+01	4.82132e+00	2.52250e+01
-8.83033e+01	-5.88688e+01	4.73138e+00	2.47545e+01
-8.85900e+01	-5.90600e+01	4.64751e+00	2.43156e+01
-8.88767e+01	-5.92511e+01	4.58705e+00	2.39993e+01
-8.91634e+01	-5.94422e+01	4.50430e+00	2.35664e+01
-8.94501e+01	-5.96334e+01	4.40758e+00	2.30603e+01
-8.97368e+01	-5.98245e+01	4.33368e+00	2.26737e+01
-9.00235e+01	-6.00156e+01	4.23997e+00	2.21834e+01
-9.03102e+01	-6.02068e+01	4.16209e+00	2.17759e+01
-9.05969e+01	-6.03979e+01	4.08583e+00	2.13770e+01
-9.08835e+01	-6.05890e+01	4.01956e+00	2.10302e+01
-9.11702e+01	-6.07802e+01	3.95831e+00	2.07098e+01
-9.14569e+01	-6.09713e+01	3.88977e+00	2.03512e+01
-9.17436e+01	-6.11624e+01	3.83232e+00	2.00506e+01
-9.20303e+01	-6.13536e+01	3.76232e+00	1.96843e+01
-9.23170e+01	-6.15447e+01	3.63687e+00	1.90280e+01
-9.26037e+01	-6.17358e+01	3.59743e+00	1.88216e+01
-9.28904e+01	-6.19270e+01	3.52483e+00	1.84418e+01
-9.31771e+01	-6.21181e+01	3.47475e+00	1.81798e+01
-9.34638e+01	-6.23092e+01	3.42228e+00	1.79053e+01
-9.37505e+01	-6.25004e+01	3.36206e+00	1.75902e+01
-9.40372e+01	-6.26915e+01	3.28239e+00	1.71733e+01
-9.43239e+01	-6.28826e+01	3.24297e+00	1.69671e+01
-9.46106e+01	-6.30738e+01	3.17718e+00	1.66229e+01
-9.48973e+01	-6.32649e+01	3.13687e+00	1.64120e+01
-9.51840e+01	-6.34560e+01	3.07395e+00	1.60828e+01
-9.54707e+01	-6.36472e+01	3.08465e+00	1.61388e+01
