location_mm	Angle_mrad	Charge_pC	ChargeDen_pC/mrad
-3.04395e+01	-2.02930e+01	1.55088e+01	8.11414e+01
-3.01528e+01	-2.01019e+01	1.56232e+01	8.17399e+01
-2.98661e+01	-1.99108e+01	1.57113e+01	8.22009e+01
-2.95794e+01	-1.97196e+01	1.58818e+01	8.30933e+01
-2.92927e+01	-1.95285e+01	1.60375e+01	8.39077e+01
-2.90060e+01	-1.93374e+01	1.62443e+01	8.49898e+01
-2.87194e+01	-1.91462e+01	1.63942e+01	8.57738e+01
-2.84327e+01	-1.89551e+01	1.64886e+01	8.62676e+01
-2.81460e+01	-1.87640e+01	1.66850e+01	8.72953e+01
-2.78593e+01	-1.85728e+01	1.69203e+01	8.85266e+01
-2.75726e+01	-1.83817e+01	1.70863e+01	8.93950e+01
-2.72859e+01	-1.81906e+01	1.72737e+01	9.03756e+01
-2.69992e+01	-1.79994e+01	1.74903e+01	9.15089e+01
-2.67125e+01	-1.78083e+01	1.76862e+01	9.25336e+01
-2.64258e+01	-1.76172e+01	1.79132e+01	9.37212e+01
-2.61391e+01	-1.74260e+01	1.80828e+01	9.46087e+01
-2.58524e+01	-1.72349e+01	1.83291e+01	9.58975e+01
-2.55657e+01	-1.70438e+01	1.85425e+01	9.70136e+01
-2.52790e+01	-1.68526e+01	1.87882e+01	9.82994e+01
-2.49923e+01	-1.66615e+01	1.90402e+01	9.96179e+01
-2.47056e+01	-1.64704e+01	1.93149e+01	1.01055e+02
-2.44189e+01	-1.62792e+01	1.96004e+01	1.02549e+02
-2.41322e+01	-1.60881e+01	1.98723e+01	1.03971e+02
-2.38455e+01	-1.58970e+01	2.01689e+01	1.05523e+02
-2.35588e+01	-1.57058e+01	2.05353e+01	1.07440e+02
-2.32721e+01	-1.55147e+01	2.08368e+01	1.09018e+02
-2.29854e+01	-1.53236e+01	2.11148e+01	1.10472e+02
-2.26987e+01	-1.51324e+01	2.14528e+01	1.12240e+02
-2.24120e+01	-1.49413e+01	2.18013e+01	1.14064e+02
-2.21253e+01	-1.47502e+01	2.21758e+01	1.16023e+02
-2.18386e+01	-1.45591e+01	2.25361e+01	1.17908e+02
-2.15519e+01	-1.43679e+01	2.28849e+01	1.19733e+02
-2.12652e+01	-1.41768e+01	2.32923e+01	1.21865e+02
-2.09785e+01	-1.39857e+01	2.36953e+01	1.23973e+02
-2.06918e+01	-1.37945e+01	2.41547e+01	1.26377e+02
-2.04051e+01	-1.36034e+01	2.46108e+01	1.28763e+02
-2.01184e+01	-1.34123e+01	2.49893e+01	1.30743e+02
-1.98317e+01	-1.32211e+01	2.54834e+01	1.33328e+02
-1.95450e+01	-1.30300e+01	2.58728e+01	1.35366e+02
-1.92583e+01	-1.28389e+01	2.63686e+01	1.37960e+02
-1.89716e+01	-1.26477e+01	2.69314e+01	1.40904e+02
-1.86849e+01	-1.24566e+01	2.73751e+01	1.43226e+02
-1.83982e+01	-1.22655e+01	2.79181e+01	1.46066e+02
-1.81115e+01	-1.20743e+01	2.85079e+01	1.49153e+02
-1.78248e+01	-1.18832e+01	2.91455e+01	1.52488e+02
-1.75381e+01	-1.16921e+01	2.97557e+01	1.55681e+02
-1.72514e+01	-1.15009e+01	3.03669e+01	1.58879e+02
-1.69647e+01	-1.13098e+01	3.09440e+01	1.61898e+02
-1.66780e+01	-1.11187e+01	3.16177e+01	1.65423e+02
-1.63913e+01	-1.09275e+01	3.22833e+01	1.68905e+02
-1.61046e+01	-1.07364e+01	3.30269e+01	1.72796e+02
-1.58179e+01	-1.05453e+01	3.37592e+01	1.76627e+02
-1.55312e+01	-1.03541e+01	3.45040e+01	1.80524e+02
-1.52445e+01	-1.01630e+01	3.53555e+01	1.84979e+02
-1.49578e+01	-9.97187e+00	3.60982e+01	1.88865e+02
-1.46711e+01	-9.78074e+00	3.69428e+01	1.93284e+02
-1.43844e+01	-9.58960e+00	3.78256e+01	1.97902e+02
-1.40977e+01	-9.39847e+00	3.86939e+01	2.02445e+02
-1.38110e+01	-9.20734e+00	3.96440e+01	2.07416e+02
-1.35243e+01	-9.01621e+00	4.05578e+01	2.12197e+02
-1.32376e+01	-8.82507e+00	4.15932e+01	2.17615e+02
-1.29509e+01	-8.63394e+00	4.27832e+01	2.23841e+02
-1.26642e+01	-8.44281e+00	4.38913e+01	2.29638e+02
-1.23775e+01	-8.25168e+00	4.50411e+01	2.35654e+02
-1.20908e+01	-8.06054e+00	4.64745e+01	2.43153e+02
-1.18041e+01	-7.86941e+00	4.78629e+01	2.50417e+02
-1.15174e+01	-7.67828e+00	4.94590e+01	2.58768e+02
-1.12307e+01	-7.48715e+00	5.10815e+01	2.67257e+02
-1.09440e+01	-7.29601e+00	5.28970e+01	2.76755e+02
-1.06573e+01	-7.10488e+00	5.48195e+01	2.86814e+02
-1.03706e+01	-6.91375e+00	5.70813e+01	2.98648e+02
-1.00839e+01	-6.72262e+00	5.94139e+01	3.10852e+02
-9.79722e+00	-6.53148e+00	6.20776e+01	3.24788e+02
-9.51052e+00	-6.34035e+00	6.50396e+01	3.40285e+02
-9.22383e+00	-6.14922e+00	6.82427e+01	3.57044e+02
-8.93713e+00	-5.95808e+00	7.16758e+01	3.75005e+02
-8.65043e+00	-5.76695e+00	7.53384e+01	3.94168e+02
-8.36373e+00	-5.57582e+00	7.92541e+01	4.14655e+02
-8.07703e+00	-5.38469e+00	8.33372e+01	4.36018e+02
-7.79033e+00	-5.19355e+00	8.76455e+01	4.58559e+02
-7.50363e+00	-5.00242e+00	9.21648e+01	4.82204e+02
-7.21693e+00	-4.81129e+00	9.67463e+01	5.06174e+02
-6.93023e+00	-4.62016e+00	1.01461e+02	5.30841e+02
-6.64354e+00	-4.42902e+00	1.06344e+02	5.56389e+02
-6.35684e+00	-4.23789e+00	1.11291e+02	5.82272e+02
-6.07014e+00	-4.04676e+00	1.16044e+02	6.07139e+02
-5.78344e+00	-3.85563e+00	1.20802e+02	6.32030e+02
-5.49674e+00	-3.66449e+00	1.25347e+02	6.55812e+02
-5.21004e+00	-3.47336e+00	1.29808e+02	6.79153e+02
-4.92334e+00	-3.28223e+00	1.33867e+02	7.00389e+02
-4.63664e+00	-3.09110e+00	1.37964e+02	7.21825e+02
-4.34994e+00	-2.89996e+00	1.41865e+02	7.42234e+02
-4.06325e+00	-2.70883e+00	1.45645e+02	7.62011e+02
-3.77655e+00	-2.51770e+00	1.49330e+02	7.81291e+02
-3.48985e+00	-2.32657e+00	1.52880e+02	7.99862e+02
-3.20315e+00	-2.13543e+00	1.56594e+02	8.19293e+02
-2.91645e+00	-1.94430e+00	1.60432e+02	8.39376e+02
-2.62975e+00	-1.75317e+00	1.64059e+02	8.58350e+02
-2.34305e+00	-1.56203e+00	1.67903e+02	8.78461e+02
-2.05635e+00	-1.37090e+00	1.71476e+02	8.97156e+02
-1.76965e+00	-1.17977e+00	1.75331e+02	9.17327e+02
-1.48296e+00	-9.88637e-01	1.78665e+02	9.34769e+02
-1.19626e+00	-7.97505e-01	1.82198e+02	9.53252e+02
-9.09558e-01	-6.06372e-01	1.85391e+02	9.69963e+02
-6.22859e-01	-4.15239e-01	1.88797e+02	9.87782e+02
-3.36160e-01	-2.24107e-01	1.91937e+02	1.00421e+03
-4.94613e-02	-3.29742e-02	1.95338e+02	1.02200e+03
2.37238e-01	1.58158e-01	1.98438e+02	1.03822e+03
5.23936e-01	3.49291e-01	2.01454e+02	1.05400e+03
8.10635e-01	5.40424e-01	2.04262e+02	1.06869e+03
1.09733e+00	7.31556e-01	2.06791e+02	1.08192e+03
1.38403e+00	9.22689e-01	2.09473e+02	1.09595e+03
1.67073e+00	1.11382e+00	2.11825e+02	1.10826e+03
1.95743e+00	1.30495e+00	2.14357e+02	1.12151e+03
2.24413e+00	1.49609e+00	2.16322e+02	1.13179e+03
2.53083e+00	1.68722e+00	2.18439e+02	1.14286e+03
2.81753e+00	1.87835e+00	2.20392e+02	1.15309e+03
3.10423e+00	2.06948e+00	2.22060e+02	1.16181e+03
3.39093e+00	2.26062e+00	2.23359e+02	1.16861e+03
3.67762e+00	2.45175e+00	2.24440e+02	1.17427e+03
3.96432e+00	2.64288e+00	2.25216e+02	1.17832e+03
4.25102e+00	2.83401e+00	2.25820e+02	1.18148e+03
4.53772e+00	3.02515e+00	2.26084e+02	1.18287e+03
4.82442e+00	3.21628e+00	2.26752e+02	1.18636e+03
5.11112e+00	3.40741e+00	2.26632e+02	1.18573e+03
5.39782e+00	3.59855e+00	2.26426e+02	1.18465e+03
5.68452e+00	3.78968e+00	2.26126e+02	1.18308e+03
5.97122e+00	3.98081e+00	2.25096e+02	1.17770e+03
6.25791e+00	4.17194e+00	2.24118e+02	1.17258e+03
6.54461e+00	4.36308e+00	2.22546e+02	1.16436e+03
6.83131e+00	4.55421e+00	2.20733e+02	1.15487e+03
7.11801e+00	4.74534e+00	2.18246e+02	1.14186e+03
7.40471e+00	4.93647e+00	2.16063e+02	1.13043e+03
7.69141e+00	5.12761e+00	2.13177e+02	1.11534e+03
7.97811e+00	5.31874e+00	2.10408e+02	1.10085e+03
8.26481e+00	5.50987e+00	2.07712e+02	1.08674e+03
8.55151e+00	5.70100e+00	2.04799e+02	1.07150e+03
8.83820e+00	5.89214e+00	2.01569e+02	1.05460e+03
9.12490e+00	6.08327e+00	1.98194e+02	1.03695e+03
9.41160e+00	6.27440e+00	1.94269e+02	1.01641e+03
9.69830e+00	6.46553e+00	1.90195e+02	9.95096e+02
9.98500e+00	6.65667e+00	1.86067e+02	9.73499e+02
1.02717e+01	6.84780e+00	1.81796e+02	9.51152e+02
1.05584e+01	7.03893e+00	1.77290e+02	9.27575e+02
1.08451e+01	7.23006e+00	1.73095e+02	9.05629e+02
1.11318e+01	7.42120e+00	1.68791e+02	8.83109e+02
1.14185e+01	7.61233e+00	1.64457e+02	8.60433e+02
1.17052e+01	7.80346e+00	1.59670e+02	8.35389e+02
1.19919e+01	7.99459e+00	1.54961e+02	8.10754e+02
1.22786e+01	8.18573e+00	1.50277e+02	7.86247e+02
1.25653e+01	8.37686e+00	1.45511e+02	7.61311e+02
1.28520e+01	8.56799e+00	1.40785e+02	7.36584e+02
1.31387e+01	8.75913e+00	1.36062e+02	7.11874e+02
1.34254e+01	8.95026e+00	1.31612e+02	6.88590e+02
1.37121e+01	9.14139e+00	1.27159e+02	6.65292e+02
1.39988e+01	9.33252e+00	1.22804e+02	6.42509e+02
1.42855e+01	9.52366e+00	1.18490e+02	6.19935e+02
1.45722e+01	9.71479e+00	1.14116e+02	5.97054e+02
1.48589e+01	9.90592e+00	1.09866e+02	5.74813e+02
1.51456e+01	1.00971e+01	1.05658e+02	5.52799e+02
1.54323e+01	1.02882e+01	1.01677e+02	5.31970e+02
1.57190e+01	1.04793e+01	9.78183e+01	5.11782e+02
1.60057e+01	1.06705e+01	9.39346e+01	4.91463e+02
1.62924e+01	1.08616e+01	9.00735e+01	4.71262e+02
1.65791e+01	1.10527e+01	8.60084e+01	4.49993e+02
1.68658e+01	1.12438e+01	8.20353e+01	4.29206e+02
1.71525e+01	1.14350e+01	7.77828e+01	4.06957e+02
1.74392e+01	1.16261e+01	7.36610e+01	3.85392e+02
1.77259e+01	1.18172e+01	6.94769e+01	3.63501e+02
1.80126e+01	1.20084e+01	6.53164e+01	3.41733e+02
1.82993e+01	1.21995e+01	6.13193e+01	3.20821e+02
1.85860e+01	1.23906e+01	5.75438e+01	3.01068e+02
1.88727e+01	1.25818e+01	5.38301e+01	2.81638e+02
1.91594e+01	1.27729e+01	5.03116e+01	2.63229e+02
1.94461e+01	1.29640e+01	4.71489e+01	2.46682e+02
1.97328e+01	1.31552e+01	4.41115e+01	2.30790e+02
2.00195e+01	1.33463e+01	4.13891e+01	2.16546e+02
2.03062e+01	1.35374e+01	3.88784e+01	2.03411e+02
2.05929e+01	1.37286e+01	3.66533e+01	1.91769e+02
2.08796e+01	1.39197e+01	3.47256e+01	1.81683e+02
2.11663e+01	1.41108e+01	3.29274e+01	1.72275e+02
2.14530e+01	1.43020e+01	3.13828e+01	1.64194e+02
2.17397e+01	1.44931e+01	2.99756e+01	1.56832e+02
2.20264e+01	1.46842e+01	2.87182e+01	1.50253e+02
2.23131e+01	1.48754e+01	2.76175e+01	1.44494e+02
2.25998e+01	1.50665e+01	2.66077e+01	1.39211e+02
2.28865e+01	1.52576e+01	2.57352e+01	1.34646e+02
2.31731e+01	1.54488e+01	2.48611e+01	1.30073e+02
2.34598e+01	1.56399e+01	2.41529e+01	1.26367e+02
2.37465e+01	1.58310e+01	2.34165e+01	1.22515e+02
2.40332e+01	1.60222e+01	2.27011e+01	1.18771e+02
2.43199e+01	1.62133e+01	2.21420e+01	1.15846e+02
2.46066e+01	1.64044e+01	2.15588e+01	1.12795e+02
2.48933e+01	1.65956e+01	2.09726e+01	1.09728e+02
2.51800e+01	1.67867e+01	2.05033e+01	1.07272e+02
2.54667e+01	1.69778e+01	1.99393e+01	1.04322e+02
2.57534e+01	1.71690e+01	1.94733e+01	1.01884e+02
2.60401e+01	1.73601e+01	1.90129e+01	9.94749e+01
2.63268e+01	1.75512e+01	1.86197e+01	9.74175e+01
2.66135e+01	1.77424e+01	1.81589e+01	9.50070e+01
2.69002e+01	1.79335e+01	1.77483e+01	9.28588e+01
2.71869e+01	1.81246e+01	1.73230e+01	9.06334e+01
2.74736e+01	1.83158e+01	1.69284e+01	8.85688e+01
2.77603e+01	1.85069e+01	1.65615e+01	8.66491e+01
2.80470e+01	1.86980e+01	1.61963e+01	8.47384e+01
2.83337e+01	1.88892e+01	1.58647e+01	8.30036e+01
2.86204e+01	1.90803e+01	1.55309e+01	8.12571e+01
2.89071e+01	1.92714e+01	1.52268e+01	7.96662e+01
2.91938e+01	1.94626e+01	1.49014e+01	7.79635e+01
2.94805e+01	1.96537e+01	1.45983e+01	7.63780e+01
2.97672e+01	1.98448e+01	1.42953e+01	7.47928e+01
3.00539e+01	2.00359e+01	1.40475e+01	7.34963e+01
3.03406e+01	2.02271e+01	1.37235e+01	7.18008e+01
3.06273e+01	2.04182e+01	1.34723e+01	7.04865e+01
3.09140e+01	2.06093e+01	1.32277e+01	6.92071e+01
3.12007e+01	2.08005e+01	1.29593e+01	6.78027e+01
3.14874e+01	2.09916e+01	1.27483e+01	6.66985e+01
3.17741e+01	2.11827e+01	1.25454e+01	6.56373e+01
3.20608e+01	2.13739e+01	1.22653e+01	6.41719e+01
3.23475e+01	2.15650e+01	1.20421e+01	6.30042e+01
3.26342e+01	2.17561e+01	1.18570e+01	6.20357e+01
3.29209e+01	2.19473e+01	1.16156e+01	6.07722e+01
3.32076e+01	2.21384e+01	1.14045e+01	5.96680e+01
3.34943e+01	2.23295e+01	1.12377e+01	5.87951e+01
3.37810e+01	2.25207e+01	1.10425e+01	5.77739e+01
3.40677e+01	2.27118e+01	1.08525e+01	5.67800e+01
3.43544e+01	2.29029e+01	1.06945e+01	5.59534e+01
3.46411e+01	2.30941e+01	1.05288e+01	5.50865e+01
3.49278e+01	2.32852e+01	1.03519e+01	5.41608e+01
3.52145e+01	2.34763e+01	1.01610e+01	5.31619e+01
3.55012e+01	2.36675e+01	9.99487e+00	5.22929e+01
3.57879e+01	2.38586e+01	9.86156e+00	5.15954e+01
3.60746e+01	2.40497e+01	9.67184e+00	5.06028e+01
3.63613e+01	2.42409e+01	9.53411e+00	4.98822e+01
3.66480e+01	2.44320e+01	9.37463e+00	4.90478e+01
3.69347e+01	2.46231e+01	9.29779e+00	4.86458e+01
3.72214e+01	2.48143e+01	9.17102e+00	4.79825e+01
3.75081e+01	2.50054e+01	9.03533e+00	4.72726e+01
3.77948e+01	2.51965e+01	8.89946e+00	4.65617e+01
3.80815e+01	2.53877e+01	8.85634e+00	4.63361e+01
3.83682e+01	2.55788e+01	8.74539e+00	4.57556e+01
3.86549e+01	2.57699e+01	8.59018e+00	4.49435e+01
3.89416e+01	2.59611e+01	8.49672e+00	4.44546e+01
3.92283e+01	2.61522e+01	8.37239e+00	4.38041e+01
3.95150e+01	2.63433e+01	8.26337e+00	4.32337e+01
3.98017e+01	2.65345e+01	8.12915e+00	4.25315e+01
4.00884e+01	2.67256e+01	8.07401e+00	4.22430e+01
4.03751e+01	2.69167e+01	7.96659e+00	4.16810e+01
4.06618e+01	2.71079e+01	7.88225e+00	4.12397e+01
4.09485e+01	2.72990e+01	7.75366e+00	4.05669e+01
4.12352e+01	2.74901e+01	7.67939e+00	4.01783e+01
4.15219e+01	2.76813e+01	7.58537e+00	3.96864e+01
4.18086e+01	2.78724e+01	7.51033e+00	3.92938e+01
4.20953e+01	2.80635e+01	7.37502e+00	3.85859e+01
4.23820e+01	2.82547e+01	7.29482e+00	3.81663e+01
4.26687e+01	2.84458e+01	7.20537e+00	3.76983e+01
4.29554e+01	2.86369e+01	7.13447e+00	3.73273e+01
4.32421e+01	2.88280e+01	7.06793e+00	3.69792e+01
4.35288e+01	2.90192e+01	6.96703e+00	3.64513e+01
4.38155e+01	2.92103e+01	6.86829e+00	3.59347e+01
4.41022e+01	2.94014e+01	6.79802e+00	3.55670e+01
4.43889e+01	2.95926e+01	6.71691e+00	3.51427e+01
4.46756e+01	2.97837e+01	6.61359e+00	3.46021e+01
4.49623e+01	2.99748e+01	6.55381e+00	3.42893e+01
4.52490e+01	3.01660e+01	6.45669e+00	3.37812e+01
4.55357e+01	3.03571e+01	6.34875e+00	3.32165e+01
4.58224e+01	3.05482e+01	6.29277e+00	3.29236e+01
4.61091e+01	3.07394e+01	6.18031e+00	3.23352e+01
4.63958e+01	3.09305e+01	6.13877e+00	3.21178e+01
4.66825e+01	3.11216e+01	6.03876e+00	3.15946e+01
4.69692e+01	3.13128e+01	5.98413e+00	3.13088e+01
4.72559e+01	3.15039e+01	5.90752e+00	3.09079e+01
4.75426e+01	3.16950e+01	5.84460e+00	3.05788e+01
4.78293e+01	3.18862e+01	5.81100e+00	3.04030e+01
4.81160e+01	3.20773e+01	5.67841e+00	2.97093e+01
4.84027e+01	3.22684e+01	5.64164e+00	2.95169e+01
4.86894e+01	3.24596e+01	5.54186e+00	2.89948e+01
4.89760e+01	3.26507e+01	5.54315e+00	2.90016e+01
4.92627e+01	3.28418e+01	5.51246e+00	2.88410e+01
4.95494e+01	3.30330e+01	5.62358e+00	2.94224e+01
