Momentum_MeV/c	Charge_pC	ChargeDen_pC/MeV/c	acepAngle_mrad	NrmMmt_MeV/c/T	gap Mmt_MeV/c
1.45950202e+00	0.00000000e+00	0.00000000e+00	1.06799488e+01	7.27931182e+00	3.30451287e+01
1.65587180e+00	8.51715337e-04	4.33730349e-03	1.06149303e+01	8.25871223e+00	0.00000000e+00
1.85224158e+00	6.51883128e-04	3.31967130e-03	1.05599162e+01	9.23811263e+00	0.00000000e+00
2.04861136e+00	6.35349427e-04	3.23547454e-03	1.05126454e+01	1.02175130e+01	0.00000000e+00
2.24498115e+00	4.45584025e-04	2.26910690e-03	1.04703948e+01	1.11969134e+01	0.00000000e+00
2.44135093e+00	2.97535847e-04	1.51518143e-03	1.04333619e+01	1.21763138e+01	0.00000000e+00
2.63772071e+00	2.43301072e-04	1.23899446e-03	1.04004239e+01	1.31557143e+01	0.00000000e+00
2.83409049e+00	1.96472806e-04	1.00052465e-03	1.03701114e+01	1.41351147e+01	0.00000000e+00
3.03046027e+00	2.17831120e-04	1.10929043e-03	1.03440075e+01	1.51145151e+01	0.00000000e+00
3.22683005e+00	2.75855675e-04	1.40477661e-03	1.03183349e+01	1.60939155e+01	0.00000000e+00
3.42319983e+00	2.38349738e-04	1.21378013e-03	1.02942357e+01	1.70733159e+01	0.00000000e+00
3.61956961e+00	3.65021016e-04	1.85884515e-03	1.02719872e+01	1.80527163e+01	0.00000000e+00
3.81593940e+00	1.99634265e-04	1.01662417e-03	1.02502752e+01	1.90321167e+01	0.00000000e+00
4.01230918e+00	2.36006911e-04	1.20184944e-03	1.02290702e+01	2.00115171e+01	0.00000000e+00
4.20867896e+00	1.08366025e-04	5.51846748e-04	1.02083931e+01	2.09909175e+01	0.00000000e+00
4.40504874e+00	3.41453206e-04	1.73882765e-03	1.01886814e+01	2.19703179e+01	0.00000000e+00
4.60141852e+00	3.48091519e-04	1.77263282e-03	1.01686371e+01	2.29497183e+01	0.00000000e+00
4.79778830e+00	3.52724502e-04	1.79622598e-03	1.01494575e+01	2.39291187e+01	0.00000000e+00
4.99415808e+00	2.80879770e-04	1.43036148e-03	1.01300338e+01	2.49085191e+01	0.00000000e+00
5.19052786e+00	3.27738180e-04	1.66898480e-03	1.01110003e+01	2.58879195e+01	0.00000000e+00
5.38689765e+00	3.76034057e-04	1.91492833e-03	1.00921026e+01	2.68673199e+01	0.00000000e+00
5.58326743e+00	3.93678368e-04	2.00478080e-03	1.00732368e+01	2.78467203e+01	0.00000000e+00
5.77963721e+00	3.37846006e-04	1.72045823e-03	1.00546313e+01	2.88261207e+01	0.00000000e+00
5.97600699e+00	3.78108226e-04	1.92549089e-03	1.00362827e+01	2.98055211e+01	0.00000000e+00
6.17237677e+00	4.33720305e-04	2.20869169e-03	1.00176364e+01	3.07849216e+01	0.00000000e+00
6.36874655e+00	3.52591230e-04	1.79554730e-03	9.99907972e+00	3.17643220e+01	0.00000000e+00
6.56511633e+00	2.86802951e-04	1.46052488e-03	9.98059139e+00	3.27437224e+01	0.00000000e+00
6.76148612e+00	3.58394134e-04	1.82509820e-03	9.96217199e+00	3.37231228e+01	0.00000000e+00
6.95785590e+00	2.53055882e-04	1.28867018e-03	9.94382237e+00	3.47025232e+01	0.00000000e+00
7.15422568e+00	2.63508050e-04	1.34189715e-03	9.92553851e+00	3.56819236e+01	0.00000000e+00
7.35059546e+00	2.10213631e-04	1.07049888e-03	9.90732145e+00	3.66613240e+01	0.00000000e+00
7.54696524e+00	2.19014937e-04	1.11531894e-03	9.88905383e+00	3.76407244e+01	0.00000000e+00
7.74333502e+00	2.13547729e-04	1.08747755e-03	9.87104206e+00	3.86201248e+01	0.00000000e+00
7.93970480e+00	1.76033307e-04	8.96437864e-04	9.85257893e+00	3.95995252e+01	0.00000000e+00
8.13607458e+00	3.45255021e-04	1.75818814e-03	9.83468597e+00	4.05789256e+01	0.00000000e+00
8.33244437e+00	2.92181117e-04	1.48791283e-03	9.81637322e+00	4.15583260e+01	0.00000000e+00
8.52881415e+00	2.42452933e-04	1.23467537e-03	9.79815387e+00	4.25377264e+01	0.00000000e+00
8.72518393e+00	3.47759591e-04	1.77094250e-03	9.78000215e+00	4.35171268e+01	0.00000000e+00
8.92155371e+00	2.12113518e-04	1.08017393e-03	9.76191770e+00	4.44965272e+01	0.00000000e+00
9.11792349e+00	2.92285222e-04	1.48844298e-03	9.74390004e+00	4.54759276e+01	0.00000000e+00
9.31429327e+00	2.13144756e-04	1.08542544e-03	9.72594916e+00	4.64553280e+01	0.00000000e+00
9.51066305e+00	2.23441768e-04	1.13786229e-03	9.70808471e+00	4.74347284e+01	0.00000000e+00
9.70703283e+00	1.95186628e-04	9.93974869e-04	9.68982009e+00	4.84141289e+01	0.00000000e+00
9.90340262e+00	1.28792477e-04	6.55867091e-04	9.67173677e+00	4.93935293e+01	0.00000000e+00
1.00997724e+01	1.35311985e-04	6.89067251e-04	9.65401538e+00	5.03729297e+01	0.00000000e+00
1.02961422e+01	1.46390567e-04	7.45484190e-04	9.63596241e+00	5.13523301e+01	0.00000000e+00
1.04925120e+01	1.37623785e-04	7.00839936e-04	9.61767970e+00	5.23317305e+01	0.00000000e+00
1.06888817e+01	1.11904222e-04	5.69864777e-04	9.59986918e+00	5.33111309e+01	0.00000000e+00
1.08852515e+01	1.64687091e-04	8.38658016e-04	9.58186644e+00	5.42905313e+01	0.00000000e+00
1.10816213e+01	2.23834130e-04	1.13986036e-03	9.56387568e+00	5.52699317e+01	0.00000000e+00
1.12779911e+01	1.97449367e-04	1.00549772e-03	9.54579982e+00	5.62493321e+01	0.00000000e+00
1.14743609e+01	1.70238655e-04	8.66928982e-04	9.52778510e+00	5.72287325e+01	0.00000000e+00
1.16707306e+01	1.61910946e-04	8.24520680e-04	9.50968940e+00	5.82081329e+01	0.00000000e+00
1.18671004e+01	1.85667017e-04	9.45496888e-04	9.49160353e+00	5.91875333e+01	0.00000000e+00
1.20634702e+01	1.84236193e-04	9.38210512e-04	9.47336029e+00	6.01669337e+01	0.00000000e+00
1.22598400e+01	1.58571435e-04	8.07514444e-04	9.45522098e+00	6.11463341e+01	0.00000000e+00
1.24562098e+01	1.06665732e-04	5.43188119e-04	9.43705798e+00	6.21257345e+01	0.00000000e+00
1.26525796e+01	1.69956366e-04	8.65491445e-04	9.41913141e+00	6.31051349e+01	0.00000000e+00
1.28489493e+01	1.68319348e-04	8.57155044e-04	9.40080311e+00	6.40845353e+01	0.00000000e+00
1.30453191e+01	1.58244871e-04	8.05851438e-04	9.38254092e+00	6.50639357e+01	0.00000000e+00
1.32416889e+01	1.94461499e-04	9.90282199e-04	9.36403717e+00	6.60433362e+01	0.00000000e+00
1.34380587e+01	1.31653939e-04	6.70438896e-04	9.34593916e+00	6.70227366e+01	0.00000000e+00
1.36344285e+01	1.79330030e-04	9.13226203e-04	9.32755226e+00	6.80021370e+01	0.00000000e+00
1.38307982e+01	2.50261423e-04	1.27443959e-03	9.30886181e+00	6.89815374e+01	0.00000000e+00
1.40271680e+01	1.55393415e-04	7.91330591e-04	9.29024678e+00	6.99609378e+01	0.00000000e+00
1.42235378e+01	1.84093868e-04	9.37485729e-04	9.27170673e+00	7.09403382e+01	0.00000000e+00
1.44199076e+01	8.37690279e-05	4.26588181e-04	9.25326352e+00	7.19197386e+01	0.00000000e+00
1.46162774e+01	1.39649077e-04	7.11153600e-04	9.23448698e+00	7.28991390e+01	0.00000000e+00
1.48126471e+01	1.62206943e-04	8.26028027e-04	9.21578787e+00	7.38785394e+01	0.00000000e+00
1.50090169e+01	1.89722810e-04	9.66150743e-04	9.19689113e+00	7.48579398e+01	0.00000000e+00
1.52053867e+01	1.54807875e-04	7.88348767e-04	9.17802997e+00	7.58373402e+01	0.00000000e+00
1.54017565e+01	2.17575567e-04	1.10798905e-03	9.15878240e+00	7.68167406e+01	0.00000000e+00
1.55981263e+01	2.42232549e-04	1.23355308e-03	9.13987486e+00	7.77961410e+01	0.00000000e+00
1.57944961e+01	2.14183532e-04	1.09071534e-03	9.12047502e+00	7.87755414e+01	0.00000000e+00
1.59908658e+01	1.94956889e-04	9.92804939e-04	9.10117899e+00	7.97549418e+01	0.00000000e+00
1.61872356e+01	2.09231314e-04	1.06549650e-03	9.08199219e+00	8.07343422e+01	0.00000000e+00
1.63836054e+01	2.22705662e-04	1.13411371e-03	9.06245583e+00	8.17137426e+01	0.00000000e+00
1.65799752e+01	2.29694613e-04	1.16970448e-03	9.04290735e+00	8.26931430e+01	0.00000000e+00
1.67763450e+01	2.83893473e-04	1.44570856e-03	9.02323833e+00	8.36725435e+01	0.00000000e+00
1.69727147e+01	2.42257318e-04	1.23367922e-03	9.00355793e+00	8.46519439e+01	0.00000000e+00
1.71690845e+01	1.64633582e-04	8.38385525e-04	8.98374293e+00	8.56313443e+01	0.00000000e+00
1.73654543e+01	2.95596003e-04	1.50530291e-03	8.96360425e+00	8.66107447e+01	0.00000000e+00
1.75618241e+01	3.48420474e-04	1.77430800e-03	8.94359534e+00	8.75901451e+01	0.00000000e+00
1.77581939e+01	3.01511307e-04	1.53542620e-03	8.92329116e+00	8.85695455e+01	0.00000000e+00
1.79545636e+01	4.16816887e-04	2.12261217e-03	8.90308112e+00	8.95489459e+01	0.00000000e+00
1.81509334e+01	4.08476023e-04	2.08013688e-03	8.88264511e+00	9.05283463e+01	0.00000000e+00
1.83473032e+01	3.80480016e-04	1.93756908e-03	8.86197597e+00	9.15077467e+01	0.00000000e+00
1.85436730e+01	1.09879088e-03	5.59551920e-03	8.84139816e+00	9.24871471e+01	0.00000000e+00
1.87400428e+01	6.36630692e-04	3.24199929e-03	8.82026316e+00	9.34665475e+01	0.00000000e+00
1.89364126e+01	6.36773791e-04	3.24272801e-03	8.79954720e+00	9.44459479e+01	0.00000000e+00
1.91327823e+01	6.12765643e-04	3.12046813e-03	8.77828532e+00	9.54253483e+01	0.00000000e+00
1.93291521e+01	5.78407143e-04	2.94549975e-03	8.75713234e+00	9.64047487e+01	0.00000000e+00
1.95255219e+01	5.47756060e-04	2.78941116e-03	8.73570282e+00	9.73841491e+01	0.00000000e+00
1.97218917e+01	4.83652472e-04	2.46296792e-03	8.71416728e+00	9.83635495e+01	0.00000000e+00
1.99182615e+01	4.66120314e-04	2.37368658e-03	8.69229096e+00	9.93429499e+01	0.00000000e+00
2.01146312e+01	3.76180022e-04	1.91567164e-03	8.67032020e+00	1.00322350e+02	0.00000000e+00
2.03110010e+01	3.17012583e-04	1.61436541e-03	8.64836928e+00	1.01301751e+02	0.00000000e+00
2.05073708e+01	2.66120102e-04	1.35519885e-03	8.62637634e+00	1.02281151e+02	0.00000000e+00
2.07037406e+01	3.09487280e-04	1.57604331e-03	8.60401715e+00	1.03260552e+02	0.00000000e+00
2.09001104e+01	3.02224781e-04	1.53905952e-03	8.58140449e+00	1.04239952e+02	0.00000000e+00
2.10964802e+01	2.71083736e-04	1.38047582e-03	8.55883123e+00	1.05219352e+02	0.00000000e+00
2.12928499e+01	2.76566899e-04	1.40839846e-03	8.53583471e+00	1.06198753e+02	0.00000000e+00
2.14892197e+01	2.94000656e-04	1.49717871e-03	8.51290342e+00	1.07178153e+02	0.00000000e+00
2.16855895e+01	2.49306130e-04	1.26957482e-03	8.48953333e+00	1.08157554e+02	0.00000000e+00
2.18819593e+01	2.89256112e-04	1.47301743e-03	8.46625692e+00	1.09136954e+02	0.00000000e+00
2.20783291e+01	2.31998709e-04	1.18143793e-03	8.44252744e+00	1.10116354e+02	0.00000000e+00
2.22746988e+01	2.64457640e-04	1.34673288e-03	8.41886300e+00	1.11095755e+02	0.00000000e+00
2.24710686e+01	3.14280354e-04	1.60045172e-03	8.39485283e+00	1.12075155e+02	0.00000000e+00
2.26674384e+01	1.37313412e-05	6.99259383e-05	8.37063433e+00	1.13054556e+02	0.00000000e+00
2.28638082e+01	0.00000000e+00	0.00000000e+00	8.35770141e+00	1.14033956e+02	0.00000000e+00
2.30601780e+01	0.00000000e+00	0.00000000e+00	8.35052135e+00	1.15013356e+02	0.00000000e+00
2.32565477e+01	0.00000000e+00	0.00000000e+00	8.34334128e+00	1.15992757e+02	0.00000000e+00
2.34529175e+01	0.00000000e+00	0.00000000e+00	8.33616122e+00	1.16972157e+02	0.00000000e+00
2.36492873e+01	0.00000000e+00	0.00000000e+00	8.32898115e+00	1.17951558e+02	0.00000000e+00
2.38456571e+01	0.00000000e+00	0.00000000e+00	8.32180109e+00	1.18930958e+02	0.00000000e+00
2.40420269e+01	0.00000000e+00	0.00000000e+00	8.31462102e+00	1.19910358e+02	0.00000000e+00
2.42383967e+01	0.00000000e+00	0.00000000e+00	8.30744096e+00	1.20889759e+02	0.00000000e+00
2.44347664e+01	0.00000000e+00	0.00000000e+00	8.30026089e+00	1.21869159e+02	0.00000000e+00
2.46311362e+01	0.00000000e+00	0.00000000e+00	8.29308083e+00	1.22848560e+02	0.00000000e+00
2.48275060e+01	0.00000000e+00	0.00000000e+00	8.28590076e+00	1.23827960e+02	0.00000000e+00
2.50238758e+01	0.00000000e+00	0.00000000e+00	8.27872070e+00	1.24807360e+02	0.00000000e+00
2.52202456e+01	0.00000000e+00	0.00000000e+00	8.27154063e+00	1.25786761e+02	0.00000000e+00
2.54166153e+01	0.00000000e+00	0.00000000e+00	8.26436057e+00	1.26766161e+02	0.00000000e+00
2.56129851e+01	0.00000000e+00	0.00000000e+00	8.25718050e+00	1.27745562e+02	0.00000000e+00
2.58093549e+01	0.00000000e+00	0.00000000e+00	8.25000044e+00	1.28724962e+02	0.00000000e+00
2.60057247e+01	0.00000000e+00	0.00000000e+00	8.24282037e+00	1.29704363e+02	0.00000000e+00
2.62020945e+01	0.00000000e+00	0.00000000e+00	8.23564031e+00	1.30683763e+02	0.00000000e+00
2.63984642e+01	0.00000000e+00	0.00000000e+00	8.22846024e+00	1.31663163e+02	0.00000000e+00
2.65948340e+01	0.00000000e+00	0.00000000e+00	8.22128018e+00	1.32642564e+02	0.00000000e+00
2.67912038e+01	0.00000000e+00	0.00000000e+00	8.21410011e+00	1.33621964e+02	0.00000000e+00
2.69875736e+01	0.00000000e+00	0.00000000e+00	8.20692005e+00	1.34601365e+02	0.00000000e+00
2.71839434e+01	0.00000000e+00	0.00000000e+00	8.19973998e+00	1.35580765e+02	0.00000000e+00
2.73803132e+01	0.00000000e+00	0.00000000e+00	8.19255992e+00	1.36560165e+02	0.00000000e+00
2.75766829e+01	0.00000000e+00	0.00000000e+00	8.18537985e+00	1.37539566e+02	0.00000000e+00
2.77730527e+01	0.00000000e+00	0.00000000e+00	8.17819979e+00	1.38518966e+02	0.00000000e+00
2.79694225e+01	0.00000000e+00	0.00000000e+00	8.17101972e+00	1.39498367e+02	0.00000000e+00
2.81657923e+01	0.00000000e+00	0.00000000e+00	8.16383966e+00	1.40477767e+02	0.00000000e+00
2.83621621e+01	0.00000000e+00	0.00000000e+00	8.15665960e+00	1.41457167e+02	0.00000000e+00
2.85585318e+01	0.00000000e+00	0.00000000e+00	8.14947953e+00	1.42436568e+02	0.00000000e+00
2.87549016e+01	0.00000000e+00	0.00000000e+00	8.14229947e+00	1.43415968e+02	0.00000000e+00
2.89512714e+01	0.00000000e+00	0.00000000e+00	8.13511940e+00	1.44395369e+02	0.00000000e+00
2.91476412e+01	0.00000000e+00	0.00000000e+00	8.12793934e+00	1.45374769e+02	0.00000000e+00
2.93440110e+01	0.00000000e+00	0.00000000e+00	8.12075927e+00	1.46354169e+02	0.00000000e+00
2.95403807e+01	0.00000000e+00	0.00000000e+00	8.11357921e+00	1.47333570e+02	0.00000000e+00
2.97367505e+01	0.00000000e+00	0.00000000e+00	8.10639914e+00	1.48312970e+02	0.00000000e+00
2.99331203e+01	0.00000000e+00	0.00000000e+00	8.09921908e+00	1.49292371e+02	0.00000000e+00
3.01294901e+01	0.00000000e+00	0.00000000e+00	8.09203901e+00	1.50271771e+02	0.00000000e+00
3.03258599e+01	0.00000000e+00	0.00000000e+00	8.08485895e+00	1.51251171e+02	0.00000000e+00
3.05222297e+01	0.00000000e+00	0.00000000e+00	8.07767888e+00	1.52230572e+02	0.00000000e+00
3.07185994e+01	0.00000000e+00	0.00000000e+00	8.07049882e+00	1.53209972e+02	0.00000000e+00
3.09149692e+01	0.00000000e+00	0.00000000e+00	8.06331875e+00	1.54189373e+02	0.00000000e+00
3.11113390e+01	0.00000000e+00	0.00000000e+00	8.05613869e+00	1.55168773e+02	0.00000000e+00
3.13077088e+01	0.00000000e+00	0.00000000e+00	8.04895862e+00	1.56148173e+02	0.00000000e+00
3.15040786e+01	0.00000000e+00	0.00000000e+00	8.04177856e+00	1.57127574e+02	0.00000000e+00
3.17004483e+01	0.00000000e+00	0.00000000e+00	8.03459849e+00	1.58106974e+02	0.00000000e+00
3.18968181e+01	0.00000000e+00	0.00000000e+00	8.02741843e+00	1.59086375e+02	0.00000000e+00
3.20931879e+01	0.00000000e+00	0.00000000e+00	8.02023836e+00	1.60065775e+02	0.00000000e+00
3.22895577e+01	0.00000000e+00	0.00000000e+00	8.01305830e+00	1.61045175e+02	0.00000000e+00
3.24859275e+01	0.00000000e+00	0.00000000e+00	8.00587823e+00	1.62024576e+02	0.00000000e+00
3.26822972e+01	0.00000000e+00	0.00000000e+00	7.99869817e+00	1.63003976e+02	0.00000000e+00
3.28786670e+01	0.00000000e+00	0.00000000e+00	7.99151810e+00	1.63983377e+02	0.00000000e+00
3.30750368e+01	0.00000000e+00	0.00000000e+00	7.98618803e+00	1.64962777e+02	0.00000000e+00
3.32714066e+01	0.00000000e+00	0.00000000e+00	7.99140586e+00	1.65942178e+02	0.00000000e+00
3.34677764e+01	0.00000000e+00	0.00000000e+00	7.99638088e+00	1.66921578e+02	0.00000000e+00
3.36641462e+01	0.00000000e+00	0.00000000e+00	8.00107557e+00	1.67900978e+02	0.00000000e+00
3.38605159e+01	0.00000000e+00	0.00000000e+00	8.00576165e+00	1.68880379e+02	0.00000000e+00
3.40568857e+01	0.00000000e+00	0.00000000e+00	8.01045437e+00	1.69859779e+02	0.00000000e+00
3.42532555e+01	0.00000000e+00	0.00000000e+00	8.01516835e+00	1.70839180e+02	0.00000000e+00
3.44496253e+01	0.00000000e+00	0.00000000e+00	8.01965196e+00	1.71818580e+02	0.00000000e+00
3.46459951e+01	0.00000000e+00	0.00000000e+00	8.02381974e+00	1.72797980e+02	0.00000000e+00
3.48423648e+01	0.00000000e+00	0.00000000e+00	8.02822551e+00	1.73777381e+02	0.00000000e+00
3.50387346e+01	0.00000000e+00	0.00000000e+00	8.03245016e+00	1.74756781e+02	0.00000000e+00
3.52351044e+01	0.00000000e+00	0.00000000e+00	8.03660623e+00	1.75736182e+02	0.00000000e+00
3.54314742e+01	0.00000000e+00	0.00000000e+00	8.04080489e+00	1.76715582e+02	0.00000000e+00
3.56278440e+01	0.00000000e+00	0.00000000e+00	8.04477281e+00	1.77694982e+02	0.00000000e+00
3.58242137e+01	0.00000000e+00	0.00000000e+00	8.04866128e+00	1.78674383e+02	0.00000000e+00
3.60205835e+01	0.00000000e+00	0.00000000e+00	8.05259401e+00	1.79653783e+02	0.00000000e+00
3.62169533e+01	0.00000000e+00	0.00000000e+00	8.05631328e+00	1.80633184e+02	0.00000000e+00
3.64133231e+01	0.00000000e+00	0.00000000e+00	8.05993281e+00	1.81612584e+02	0.00000000e+00
3.66096929e+01	0.00000000e+00	0.00000000e+00	8.06357255e+00	1.82591984e+02	0.00000000e+00
3.68060627e+01	0.00000000e+00	0.00000000e+00	8.06721018e+00	1.83571385e+02	0.00000000e+00
3.70024324e+01	0.00000000e+00	0.00000000e+00	8.07087765e+00	1.84550785e+02	0.00000000e+00
3.71988022e+01	0.00000000e+00	0.00000000e+00	8.07436911e+00	1.85530186e+02	0.00000000e+00
3.73951720e+01	0.00000000e+00	0.00000000e+00	8.07771671e+00	1.86509586e+02	0.00000000e+00
3.75915418e+01	0.00000000e+00	0.00000000e+00	8.08111581e+00	1.87488986e+02	0.00000000e+00
3.77879116e+01	0.00000000e+00	0.00000000e+00	8.08433362e+00	1.88468387e+02	0.00000000e+00
3.79842813e+01	0.00000000e+00	0.00000000e+00	8.08755316e+00	1.89447787e+02	0.00000000e+00
3.81806511e+01	0.00000000e+00	0.00000000e+00	8.09083847e+00	1.90427188e+02	0.00000000e+00
3.83770209e+01	0.00000000e+00	0.00000000e+00	8.09391285e+00	1.91406588e+02	0.00000000e+00
3.85733907e+01	0.00000000e+00	0.00000000e+00	8.09703892e+00	1.92385988e+02	0.00000000e+00
3.87697605e+01	0.00000000e+00	0.00000000e+00	8.10002727e+00	1.93365389e+02	0.00000000e+00
3.89661303e+01	0.00000000e+00	0.00000000e+00	8.10293491e+00	1.94344789e+02	0.00000000e+00
3.91625000e+01	0.00000000e+00	0.00000000e+00	8.10598572e+00	1.95324190e+02	0.00000000e+00
3.93588698e+01	0.00000000e+00	0.00000000e+00	8.10879095e+00	1.96303590e+02	0.00000000e+00
3.95552396e+01	0.00000000e+00	0.00000000e+00	8.11162404e+00	1.97282990e+02	0.00000000e+00
3.97516094e+01	0.00000000e+00	0.00000000e+00	8.11446735e+00	1.98262391e+02	0.00000000e+00
3.99479792e+01	0.00000000e+00	0.00000000e+00	8.11724339e+00	1.99241791e+02	0.00000000e+00
4.01443489e+01	0.00000000e+00	0.00000000e+00	8.11976896e+00	2.00221192e+02	0.00000000e+00
4.03407187e+01	0.00000000e+00	0.00000000e+00	8.12237823e+00	2.01200592e+02	0.00000000e+00
4.05370885e+01	0.00000000e+00	0.00000000e+00	8.12519723e+00	2.02179993e+02	0.00000000e+00
4.07334583e+01	0.00000000e+00	0.00000000e+00	8.12773655e+00	2.03159393e+02	0.00000000e+00
4.09298281e+01	0.00000000e+00	0.00000000e+00	8.13030381e+00	2.04138793e+02	0.00000000e+00
4.11261978e+01	0.00000000e+00	0.00000000e+00	8.13283491e+00	2.05118194e+02	0.00000000e+00
4.13225676e+01	0.00000000e+00	0.00000000e+00	8.13512393e+00	2.06097594e+02	0.00000000e+00
4.15189374e+01	0.00000000e+00	0.00000000e+00	8.13768483e+00	2.07076995e+02	0.00000000e+00
4.17153072e+01	0.00000000e+00	0.00000000e+00	8.13995697e+00	2.08056395e+02	0.00000000e+00
4.19116770e+01	0.00000000e+00	0.00000000e+00	8.14224024e+00	2.09035795e+02	0.00000000e+00
4.21080468e+01	0.00000000e+00	0.00000000e+00	8.14452403e+00	2.10015196e+02	0.00000000e+00
4.23044165e+01	0.00000000e+00	0.00000000e+00	8.14680923e+00	2.10994596e+02	0.00000000e+00
4.25007863e+01	0.00000000e+00	0.00000000e+00	8.14909575e+00	2.11973997e+02	0.00000000e+00
4.26971561e+01	0.00000000e+00	0.00000000e+00	8.15138326e+00	2.12953397e+02	0.00000000e+00
4.28935259e+01	1.08887130e-07	5.54500442e-07	8.15368098e+00	2.13932797e+02	0.00000000e+00
4.30898957e+01	1.46707389e-06	7.47097585e-06	8.15569866e+00	2.14912198e+02	0.00000000e+00
4.32862654e+01	0.00000000e+00	0.00000000e+00	8.15768955e+00	2.15891598e+02	0.00000000e+00
4.34826352e+01	0.00000000e+00	0.00000000e+00	8.15997296e+00	2.16870999e+02	0.00000000e+00
4.36790050e+01	0.00000000e+00	0.00000000e+00	8.16201061e+00	2.17850399e+02	0.00000000e+00
4.38753748e+01	0.00000000e+00	0.00000000e+00	8.16401466e+00	2.18829799e+02	0.00000000e+00
4.40717446e+01	0.00000000e+00	0.00000000e+00	8.16602237e+00	2.19809200e+02	0.00000000e+00
4.42681143e+01	0.00000000e+00	0.00000000e+00	8.16805668e+00	2.20788600e+02	0.00000000e+00
4.44644841e+01	0.00000000e+00	0.00000000e+00	8.16980707e+00	2.21768001e+02	0.00000000e+00
4.46608539e+01	0.00000000e+00	0.00000000e+00	8.17177724e+00	2.22747401e+02	0.00000000e+00
4.48572237e+01	0.00000000e+00	0.00000000e+00	8.17355230e+00	2.23726801e+02	0.00000000e+00
4.50535935e+01	0.00000000e+00	0.00000000e+00	8.17550748e+00	2.24706202e+02	0.00000000e+00
4.52499633e+01	0.00000000e+00	0.00000000e+00	8.17732209e+00	2.25685602e+02	0.00000000e+00
4.54463330e+01	0.00000000e+00	0.00000000e+00	8.17901495e+00	2.26665003e+02	0.00000000e+00
4.56427028e+01	0.00000000e+00	0.00000000e+00	8.18096515e+00	2.27644403e+02	0.00000000e+00
4.58390726e+01	0.00000000e+00	0.00000000e+00	8.18280281e+00	2.28623803e+02	0.00000000e+00
4.60354424e+01	0.00000000e+00	0.00000000e+00	8.18451583e+00	2.29603204e+02	0.00000000e+00
4.62318122e+01	0.00000000e+00	0.00000000e+00	8.18627432e+00	2.30582604e+02	0.00000000e+00
4.64281819e+01	0.00000000e+00	0.00000000e+00	8.18781202e+00	2.31562005e+02	0.00000000e+00
4.66245517e+01	0.00000000e+00	0.00000000e+00	8.18939600e+00	2.32541405e+02	0.00000000e+00
4.68209215e+01	0.00000000e+00	0.00000000e+00	8.19117639e+00	2.33520805e+02	0.00000000e+00
4.70172913e+01	0.00000000e+00	0.00000000e+00	8.19273477e+00	2.34500206e+02	0.00000000e+00
4.72136611e+01	0.00000000e+00	0.00000000e+00	8.19432235e+00	2.35479606e+02	0.00000000e+00
4.74100308e+01	0.00000000e+00	0.00000000e+00	8.19592519e+00	2.36459007e+02	0.00000000e+00
4.76064006e+01	0.00000000e+00	0.00000000e+00	8.19749207e+00	2.37438407e+02	0.00000000e+00
4.78027704e+01	0.00000000e+00	0.00000000e+00	8.19913114e+00	2.38417808e+02	0.00000000e+00
4.79991402e+01	0.00000000e+00	0.00000000e+00	8.20055668e+00	2.39397208e+02	0.00000000e+00
4.81955100e+01	0.00000000e+00	0.00000000e+00	8.20200641e+00	2.40376608e+02	0.00000000e+00
4.83918798e+01	0.00000000e+00	0.00000000e+00	8.20345423e+00	2.41356009e+02	0.00000000e+00
4.85882495e+01	0.00000000e+00	0.00000000e+00	8.20490322e+00	2.42335409e+02	0.00000000e+00
4.87846193e+01	0.00000000e+00	0.00000000e+00	8.20635242e+00	2.43314810e+02	0.00000000e+00
4.89809891e+01	0.00000000e+00	0.00000000e+00	8.20780269e+00	2.44294210e+02	0.00000000e+00
4.91773589e+01	0.00000000e+00	0.00000000e+00	8.20925174e+00	2.45273610e+02	0.00000000e+00
4.93737287e+01	0.00000000e+00	0.00000000e+00	8.21071387e+00	2.46253011e+02	0.00000000e+00
4.95700984e+01	0.00000000e+00	0.00000000e+00	8.21209523e+00	2.47232411e+02	0.00000000e+00
4.97664682e+01	0.00000000e+00	0.00000000e+00	8.21329655e+00	2.48211812e+02	0.00000000e+00
4.99628380e+01	0.00000000e+00	0.00000000e+00	8.21471555e+00	2.49191212e+02	0.00000000e+00
5.01592078e+01	0.00000000e+00	0.00000000e+00	8.21590415e+00	2.50170612e+02	0.00000000e+00
5.03555776e+01	0.00000000e+00	0.00000000e+00	8.21733568e+00	2.51150013e+02	0.00000000e+00
5.05519473e+01	0.00000000e+00	0.00000000e+00	8.21851777e+00	2.52129413e+02	0.00000000e+00
5.07483171e+01	0.00000000e+00	0.00000000e+00	8.21996093e+00	2.53108814e+02	0.00000000e+00
5.09446869e+01	0.00000000e+00	0.00000000e+00	8.22111429e+00	2.54088214e+02	0.00000000e+00
5.11410567e+01	0.00000000e+00	0.00000000e+00	8.22227652e+00	2.55067614e+02	0.00000000e+00
5.13374265e+01	0.00000000e+00	0.00000000e+00	8.22345329e+00	2.56047015e+02	0.00000000e+00
5.15337963e+01	0.00000000e+00	0.00000000e+00	8.22490708e+00	2.57026415e+02	0.00000000e+00
5.17301660e+01	0.00000000e+00	0.00000000e+00	8.22607023e+00	2.58005816e+02	0.00000000e+00
5.19265358e+01	0.00000000e+00	0.00000000e+00	8.22723534e+00	2.58985216e+02	0.00000000e+00
5.21229056e+01	0.00000000e+00	0.00000000e+00	8.22840119e+00	2.59964616e+02	0.00000000e+00
5.23192754e+01	0.00000000e+00	0.00000000e+00	8.22956731e+00	2.60944017e+02	0.00000000e+00
5.25156452e+01	0.00000000e+00	0.00000000e+00	8.23073357e+00	2.61923417e+02	0.00000000e+00
5.27120149e+01	0.00000000e+00	0.00000000e+00	8.23191007e+00	2.62902818e+02	0.00000000e+00
5.29083847e+01	0.00000000e+00	0.00000000e+00	8.23279763e+00	2.63882218e+02	0.00000000e+00
5.31047545e+01	0.00000000e+00	0.00000000e+00	8.23393297e+00	2.64861618e+02	0.00000000e+00
5.33011243e+01	0.00000000e+00	0.00000000e+00	8.23510381e+00	2.65841019e+02	0.00000000e+00
5.34974941e+01	0.00000000e+00	0.00000000e+00	8.23629260e+00	2.66820419e+02	0.00000000e+00
5.36938638e+01	0.00000000e+00	0.00000000e+00	8.23719354e+00	2.67799820e+02	0.00000000e+00
5.38902336e+01	0.00000000e+00	0.00000000e+00	8.23832330e+00	2.68779220e+02	0.00000000e+00
5.40866034e+01	0.00000000e+00	0.00000000e+00	8.23924178e+00	2.69758621e+02	0.00000000e+00
5.42829732e+01	0.00000000e+00	0.00000000e+00	8.24036434e+00	2.70738021e+02	0.00000000e+00
5.44793430e+01	0.00000000e+00	0.00000000e+00	8.24129832e+00	2.71717421e+02	0.00000000e+00
5.46757128e+01	0.00000000e+00	0.00000000e+00	8.24240301e+00	2.72696822e+02	0.00000000e+00
5.48720825e+01	0.00000000e+00	0.00000000e+00	8.24337049e+00	2.73676222e+02	0.00000000e+00
5.50684523e+01	0.00000000e+00	0.00000000e+00	8.24421795e+00	2.74655623e+02	0.00000000e+00
5.52648221e+01	0.00000000e+00	0.00000000e+00	8.24531492e+00	2.75635023e+02	0.00000000e+00
5.54611919e+01	0.00000000e+00	0.00000000e+00	8.24630437e+00	2.76614423e+02	0.00000000e+00
5.56575617e+01	0.00000000e+00	0.00000000e+00	8.24717077e+00	2.77593824e+02	0.00000000e+00
5.58539314e+01	0.00000000e+00	0.00000000e+00	8.24803152e+00	2.78573224e+02	0.00000000e+00
5.60503012e+01	0.00000000e+00	0.00000000e+00	8.24909728e+00	2.79552625e+02	0.00000000e+00
5.62466710e+01	0.00000000e+00	0.00000000e+00	8.25012145e+00	2.80532025e+02	0.00000000e+00
5.64430408e+01	0.00000000e+00	0.00000000e+00	8.25098408e+00	2.81511425e+02	0.00000000e+00
5.66394106e+01	0.00000000e+00	0.00000000e+00	8.25186448e+00	2.82490826e+02	0.00000000e+00
5.68357803e+01	0.00000000e+00	0.00000000e+00	8.25274386e+00	2.83470226e+02	0.00000000e+00
5.70321501e+01	0.00000000e+00	0.00000000e+00	8.25362345e+00	2.84449627e+02	0.00000000e+00
5.72285199e+01	0.00000000e+00	0.00000000e+00	8.25450375e+00	2.85429027e+02	0.00000000e+00
5.74248897e+01	0.00000000e+00	0.00000000e+00	8.25538254e+00	2.86408427e+02	0.00000000e+00
5.76212595e+01	0.00000000e+00	0.00000000e+00	8.25628141e+00	2.87387828e+02	0.00000000e+00
5.78176293e+01	0.00000000e+00	0.00000000e+00	8.25703896e+00	2.88367228e+02	0.00000000e+00
5.80139990e+01	0.00000000e+00	0.00000000e+00	8.25770140e+00	2.89346629e+02	0.00000000e+00
5.82103688e+01	0.00000000e+00	0.00000000e+00	8.25860625e+00	2.90326029e+02	0.00000000e+00
5.84067386e+01	0.00000000e+00	0.00000000e+00	8.25950044e+00	2.91305429e+02	0.00000000e+00
5.86031084e+01	0.00000000e+00	0.00000000e+00	8.26029239e+00	2.92284830e+02	0.00000000e+00
5.87994782e+01	0.00000000e+00	0.00000000e+00	8.26092253e+00	2.93264230e+02	0.00000000e+00
5.89958479e+01	0.00000000e+00	0.00000000e+00	8.26184183e+00	2.94243631e+02	0.00000000e+00
5.91922177e+01	0.00000000e+00	0.00000000e+00	8.26265350e+00	2.95223031e+02	0.00000000e+00
5.93885875e+01	0.00000000e+00	0.00000000e+00	8.26327302e+00	2.96202431e+02	0.00000000e+00
5.95849573e+01	0.00000000e+00	0.00000000e+00	8.26418424e+00	2.97181832e+02	0.00000000e+00
5.97813271e+01	0.00000000e+00	0.00000000e+00	8.26501592e+00	2.98161232e+02	0.00000000e+00
5.99776969e+01	0.00000000e+00	0.00000000e+00	8.26562593e+00	2.99140633e+02	0.00000000e+00
6.01740666e+01	0.00000000e+00	0.00000000e+00	8.26651444e+00	3.00120033e+02	0.00000000e+00
6.03704364e+01	0.00000000e+00	0.00000000e+00	8.26728674e+00	3.01099433e+02	0.00000000e+00
6.05668062e+01	0.00000000e+00	0.00000000e+00	8.26799799e+00	3.02078834e+02	0.00000000e+00
6.07631760e+01	0.00000000e+00	0.00000000e+00	8.26867625e+00	3.03058234e+02	0.00000000e+00
6.09595458e+01	0.00000000e+00	0.00000000e+00	8.26934710e+00	3.04037635e+02	0.00000000e+00
6.11559155e+01	0.00000000e+00	0.00000000e+00	8.27003328e+00	3.05017035e+02	0.00000000e+00
6.13522853e+01	0.00000000e+00	0.00000000e+00	8.27074060e+00	3.05996436e+02	0.00000000e+00
6.15486551e+01	0.00000000e+00	0.00000000e+00	8.27145602e+00	3.06975836e+02	0.00000000e+00
6.17450249e+01	0.00000000e+00	0.00000000e+00	8.27217129e+00	3.07955236e+02	0.00000000e+00
6.19413947e+01	0.00000000e+00	0.00000000e+00	8.27287836e+00	3.08934637e+02	0.00000000e+00
6.21377644e+01	0.00000000e+00	0.00000000e+00	8.27356983e+00	3.09914037e+02	0.00000000e+00
6.23341342e+01	0.00000000e+00	0.00000000e+00	8.27424453e+00	3.10893438e+02	0.00000000e+00
6.25305040e+01	0.00000000e+00	0.00000000e+00	8.27490702e+00	3.11872838e+02	0.00000000e+00
6.27268738e+01	0.00000000e+00	0.00000000e+00	8.27555744e+00	3.12852238e+02	0.00000000e+00
6.29232436e+01	0.00000000e+00	0.00000000e+00	8.27619581e+00	3.13831639e+02	0.00000000e+00
6.31196134e+01	0.00000000e+00	0.00000000e+00	8.27682152e+00	3.14811039e+02	0.00000000e+00
6.33159831e+01	0.00000000e+00	0.00000000e+00	8.27743232e+00	3.15790440e+02	0.00000000e+00
6.35123529e+01	0.00000000e+00	0.00000000e+00	8.27802748e+00	3.16769840e+02	0.00000000e+00
6.37087227e+01	0.00000000e+00	0.00000000e+00	8.27861264e+00	3.17749240e+02	0.00000000e+00
6.39050925e+01	0.00000000e+00	0.00000000e+00	8.27919428e+00	3.18728641e+02	0.00000000e+00
6.41014623e+01	0.00000000e+00	0.00000000e+00	8.27977824e+00	3.19708041e+02	0.00000000e+00
6.42978320e+01	0.00000000e+00	0.00000000e+00	8.28036726e+00	3.20687442e+02	0.00000000e+00
6.44942018e+01	0.00000000e+00	0.00000000e+00	8.28095717e+00	3.21666842e+02	0.00000000e+00
6.46905716e+01	0.00000000e+00	0.00000000e+00	8.28154747e+00	3.22646242e+02	0.00000000e+00
6.48869414e+01	0.00000000e+00	0.00000000e+00	8.28213822e+00	3.23625643e+02	0.00000000e+00
6.50833112e+01	0.00000000e+00	0.00000000e+00	8.28272946e+00	3.24605043e+02	0.00000000e+00
6.52796809e+01	0.00000000e+00	0.00000000e+00	8.28332319e+00	3.25584444e+02	0.00000000e+00
6.54760507e+01	0.00000000e+00	0.00000000e+00	8.28392324e+00	3.26563844e+02	0.00000000e+00
6.56724205e+01	0.00000000e+00	0.00000000e+00	8.28452357e+00	3.27543244e+02	0.00000000e+00
6.58687903e+01	0.00000000e+00	0.00000000e+00	8.28511721e+00	3.28522645e+02	0.00000000e+00
6.60651601e+01	0.00000000e+00	0.00000000e+00	8.28569695e+00	3.29502045e+02	0.00000000e+00
6.62615299e+01	0.00000000e+00	0.00000000e+00	8.28625712e+00	3.30481446e+02	0.00000000e+00
6.64578996e+01	0.00000000e+00	0.00000000e+00	8.28679892e+00	3.31460846e+02	0.00000000e+00
6.66542694e+01	0.00000000e+00	0.00000000e+00	8.28732817e+00	3.32440246e+02	0.00000000e+00
6.68506392e+01	0.00000000e+00	0.00000000e+00	8.28785215e+00	3.33419647e+02	0.00000000e+00
6.70470090e+01	0.00000000e+00	0.00000000e+00	8.28837686e+00	3.34399047e+02	0.00000000e+00
6.72433788e+01	0.00000000e+00	0.00000000e+00	8.28890871e+00	3.35378448e+02	0.00000000e+00
6.74397485e+01	0.00000000e+00	0.00000000e+00	8.28944918e+00	3.36357848e+02	0.00000000e+00
6.76361183e+01	0.00000000e+00	0.00000000e+00	8.28999181e+00	3.37337248e+02	0.00000000e+00
6.78324881e+01	0.00000000e+00	0.00000000e+00	8.29052927e+00	3.38316649e+02	0.00000000e+00
6.80288579e+01	0.00000000e+00	0.00000000e+00	8.29105413e+00	3.39296049e+02	0.00000000e+00
6.82252277e+01	0.00000000e+00	0.00000000e+00	8.29156029e+00	3.40275450e+02	0.00000000e+00
6.84215974e+01	0.00000000e+00	0.00000000e+00	8.29204682e+00	3.41254850e+02	0.00000000e+00
6.86179672e+01	0.00000000e+00	0.00000000e+00	8.29251981e+00	3.42234251e+02	0.00000000e+00
6.88143370e+01	0.00000000e+00	0.00000000e+00	8.29298578e+00	3.43213651e+02	0.00000000e+00
6.90107068e+01	0.00000000e+00	0.00000000e+00	8.29345141e+00	3.44193051e+02	0.00000000e+00
6.92070766e+01	0.00000000e+00	0.00000000e+00	8.29392286e+00	3.45172452e+02	0.00000000e+00
6.94034464e+01	0.00000000e+00	0.00000000e+00	8.29440348e+00	3.46151852e+02	0.00000000e+00
6.95998161e+01	0.00000000e+00	0.00000000e+00	8.29488791e+00	3.47131253e+02	0.00000000e+00
6.97961859e+01	0.00000000e+00	0.00000000e+00	8.29536860e+00	3.48110653e+02	0.00000000e+00
6.99925557e+01	0.00000000e+00	0.00000000e+00	8.29583826e+00	3.49090053e+02	0.00000000e+00
7.01889255e+01	0.00000000e+00	0.00000000e+00	8.29628950e+00	3.50069454e+02	0.00000000e+00
7.03852953e+01	0.00000000e+00	0.00000000e+00	8.29671547e+00	3.51048854e+02	0.00000000e+00
7.05816650e+01	0.00000000e+00	0.00000000e+00	8.29712315e+00	3.52028255e+02	0.00000000e+00
7.07780348e+01	0.00000000e+00	0.00000000e+00	8.29752536e+00	3.53007655e+02	0.00000000e+00
7.09744046e+01	0.00000000e+00	0.00000000e+00	8.29793441e+00	3.53987055e+02	0.00000000e+00
7.11707744e+01	0.00000000e+00	0.00000000e+00	8.29836250e+00	3.54966456e+02	0.00000000e+00
7.13671442e+01	0.00000000e+00	0.00000000e+00	8.29881972e+00	3.55945856e+02	0.00000000e+00
7.15635139e+01	0.00000000e+00	0.00000000e+00	8.29929997e+00	3.56925257e+02	0.00000000e+00
7.17598837e+01	0.00000000e+00	0.00000000e+00	8.29978884e+00	3.57904657e+02	0.00000000e+00
7.19562535e+01	0.00000000e+00	0.00000000e+00	8.30027202e+00	3.58884057e+02	0.00000000e+00
7.21526233e+01	0.00000000e+00	0.00000000e+00	8.30073586e+00	3.59863458e+02	0.00000000e+00
7.23489931e+01	0.00000000e+00	0.00000000e+00	8.30117800e+00	3.60842858e+02	0.00000000e+00
7.25453629e+01	0.00000000e+00	0.00000000e+00	8.30160843e+00	3.61822259e+02	0.00000000e+00
7.27417326e+01	0.00000000e+00	0.00000000e+00	8.30202706e+00	3.62801659e+02	0.00000000e+00
7.29381024e+01	0.00000000e+00	0.00000000e+00	8.30243306e+00	3.63781059e+02	0.00000000e+00
7.31344722e+01	0.00000000e+00	0.00000000e+00	8.30282568e+00	3.64760460e+02	0.00000000e+00
7.33308420e+01	0.00000000e+00	0.00000000e+00	8.30320002e+00	3.65739860e+02	0.00000000e+00
7.35272118e+01	0.00000000e+00	0.00000000e+00	8.30355291e+00	3.66719261e+02	0.00000000e+00
7.37235815e+01	0.00000000e+00	0.00000000e+00	8.30389696e+00	3.67698661e+02	0.00000000e+00
7.39199513e+01	0.00000000e+00	0.00000000e+00	8.30424430e+00	3.68678061e+02	0.00000000e+00
7.41163211e+01	0.00000000e+00	0.00000000e+00	8.30460678e+00	3.69657462e+02	0.00000000e+00
7.43126909e+01	0.00000000e+00	0.00000000e+00	8.30499597e+00	3.70636862e+02	0.00000000e+00
7.45090607e+01	0.00000000e+00	0.00000000e+00	8.30541230e+00	3.71616263e+02	0.00000000e+00
7.47054304e+01	0.00000000e+00	0.00000000e+00	8.30584215e+00	3.72595663e+02	0.00000000e+00
7.49018002e+01	0.00000000e+00	0.00000000e+00	8.30627003e+00	3.73575063e+02	0.00000000e+00
7.50981700e+01	4.98379137e-05	2.53796248e-04	8.30668158e+00	3.74554464e+02	0.00000000e+00
7.52945398e+01	1.17874007e-04	6.00265508e-04	8.30706730e+00	3.75533864e+02	0.00000000e+00
7.54909096e+01	1.08768933e-04	5.53898528e-04	8.30743236e+00	3.76513265e+02	0.00000000e+00
7.56872794e+01	1.15443640e-04	5.87889030e-04	8.30778564e+00	3.77492665e+02	0.00000000e+00
7.58836491e+01	1.23538755e-04	6.29112862e-04	8.30813370e+00	3.78472066e+02	0.00000000e+00
7.60800189e+01	1.54873667e-04	7.88683808e-04	8.30848288e+00	3.79451466e+02	0.00000000e+00
7.62763887e+01	1.24247593e-04	6.32722573e-04	8.30883939e+00	3.80430866e+02	0.00000000e+00
7.64727585e+01	1.15489811e-04	5.88124150e-04	8.30920484e+00	3.81410267e+02	0.00000000e+00
7.66691283e+01	9.28476054e-05	4.72820231e-04	8.30957216e+00	3.82389667e+02	0.00000000e+00
7.68654980e+01	1.07236046e-04	5.46092406e-04	8.30993354e+00	3.83369068e+02	0.00000000e+00
7.70618678e+01	1.01459665e-04	5.16676568e-04	8.31028155e+00	3.84348468e+02	0.00000000e+00
7.72582376e+01	7.72907208e-05	3.93597835e-04	8.31060892e+00	3.85327868e+02	0.00000000e+00
7.74546074e+01	8.43457028e-05	4.29524860e-04	8.31091114e+00	3.86307269e+02	0.00000000e+00
7.76509772e+01	9.63602887e-05	4.90708336e-04	8.31119865e+00	3.87286669e+02	0.00000000e+00
7.78473469e+01	1.09864333e-04	5.59476778e-04	8.31148389e+00	3.88266070e+02	0.00000000e+00
7.80437167e+01	8.73766353e-05	4.44959681e-04	8.31177895e+00	3.89245470e+02	0.00000000e+00
7.82400865e+01	7.76690273e-05	3.95524336e-04	8.31209599e+00	3.90224870e+02	0.00000000e+00
7.84364563e+01	1.01870490e-04	5.18768669e-04	8.31244372e+00	3.91204271e+02	0.00000000e+00
7.86328261e+01	9.68417044e-05	4.93159914e-04	8.31281118e+00	3.92183671e+02	0.00000000e+00
7.88291959e+01	1.02943298e-04	5.24231870e-04	8.31318337e+00	3.93163072e+02	0.00000000e+00
7.90255656e+01	1.18581466e-04	6.03868197e-04	8.31354539e+00	3.94142472e+02	0.00000000e+00
7.92219354e+01	9.90158798e-05	5.04231757e-04	8.31388328e+00	3.95121872e+02	0.00000000e+00
7.94183052e+01	7.23537735e-05	3.68456760e-04	8.31419672e+00	3.96101273e+02	0.00000000e+00
7.96146750e+01	8.93165009e-05	4.54838317e-04	8.31449553e+00	3.97080673e+02	0.00000000e+00
7.98110448e+01	7.30561400e-05	3.72033515e-04	8.31478629e+00	3.98060074e+02	0.00000000e+00
8.00074145e+01	8.37765830e-05	4.26626655e-04	8.31507519e+00	3.99039474e+02	0.00000000e+00
8.02037843e+01	8.00739140e-05	4.07771061e-04	8.31536813e+00	4.00018874e+02	0.00000000e+00
8.04001541e+01	6.83465753e-05	3.48050371e-04	8.31566505e+00	4.00998275e+02	0.00000000e+00
8.05965239e+01	6.22058190e-05	3.16778980e-04	8.31596235e+00	4.01977675e+02	0.00000000e+00
8.07928937e+01	6.25321024e-05	3.18440556e-04	8.31626005e+00	4.02957076e+02	0.00000000e+00
8.09892635e+01	7.71432897e-05	3.92847052e-04	8.31655816e+00	4.03936476e+02	0.00000000e+00
8.11856332e+01	6.97432204e-05	3.55162693e-04	8.31685670e+00	4.04915876e+02	0.00000000e+00
8.13820030e+01	6.11565562e-05	3.11435679e-04	8.31715995e+00	4.05895277e+02	0.00000000e+00
8.15783728e+01	5.44300719e-05	2.77181507e-04	8.31746877e+00	4.06874677e+02	0.00000000e+00
8.17747426e+01	5.75284540e-05	2.92959811e-04	8.31777537e+00	4.07854078e+02	0.00000000e+00
8.19711124e+01	6.01054913e-05	3.06083201e-04	8.31807215e+00	4.08833478e+02	0.00000000e+00
8.21674821e+01	6.27837223e-05	3.19721914e-04	8.31835189e+00	4.09812878e+02	0.00000000e+00
8.23638519e+01	5.58394114e-05	2.84358474e-04	8.31860738e+00	4.10792279e+02	0.00000000e+00
8.25602217e+01	8.37062804e-05	4.26268644e-04	8.31884207e+00	4.11771679e+02	0.00000000e+00
8.27565915e+01	9.15456690e-05	4.66190207e-04	8.31906822e+00	4.12751080e+02	0.00000000e+00
8.29529613e+01	8.64562066e-05	4.40272459e-04	8.31929779e+00	4.13730480e+02	0.00000000e+00
8.31493310e+01	6.72009358e-05	3.42216279e-04	8.31954265e+00	4.14709881e+02	0.00000000e+00
8.33457008e+01	8.01389624e-05	4.08102315e-04	8.31981498e+00	4.15689281e+02	0.00000000e+00
8.35420706e+01	7.44794712e-05	3.79281734e-04	8.32011507e+00	4.16668681e+02	0.00000000e+00
8.37384404e+01	5.11888850e-05	2.60675979e-04	8.32042806e+00	4.17648082e+02	0.00000000e+00
8.39348102e+01	3.84870714e-05	1.95992842e-04	8.32073850e+00	4.18627482e+02	0.00000000e+00
8.41311800e+01	6.53086547e-05	3.32579963e-04	8.32103160e+00	4.19606883e+02	0.00000000e+00
8.43275497e+01	6.84867419e-05	3.48764160e-04	8.32129652e+00	4.20586283e+02	0.00000000e+00
8.45239195e+01	5.92143765e-05	3.01545259e-04	8.32154284e+00	4.21565683e+02	0.00000000e+00
8.47202893e+01	5.29828598e-05	2.69811676e-04	8.32177790e+00	4.22545084e+02	0.00000000e+00
8.49166591e+01	6.47939427e-05	3.29958827e-04	8.32200812e+00	4.23524484e+02	0.00000000e+00
8.51130289e+01	6.80737539e-05	3.46661047e-04	8.32223943e+00	4.24503885e+02	0.00000000e+00
8.53093986e+01	6.22962915e-05	3.17239705e-04	8.32247627e+00	4.25483285e+02	0.00000000e+00
8.55057684e+01	6.70250330e-05	3.41320505e-04	8.32271459e+00	4.26462685e+02	0.00000000e+00
8.57021382e+01	5.96733638e-05	3.03882621e-04	8.32295317e+00	4.27442086e+02	0.00000000e+00
8.58985080e+01	8.43495473e-05	4.29544438e-04	8.32319191e+00	4.28421486e+02	0.00000000e+00
8.60948778e+01	5.35986741e-05	2.72947669e-04	8.32343070e+00	4.29400887e+02	0.00000000e+00
8.62912475e+01	5.49778445e-05	2.79971002e-04	8.32366945e+00	4.30380287e+02	0.00000000e+00
8.64876173e+01	5.78849995e-05	2.94775495e-04	8.32390814e+00	4.31359687e+02	0.00000000e+00
8.66839871e+01	5.61116058e-05	2.85744606e-04	8.32414678e+00	4.32339088e+02	0.00000000e+00
8.68803569e+01	5.34602642e-05	2.72242826e-04	8.32438540e+00	4.33318488e+02	0.00000000e+00
8.70767267e+01	6.16586401e-05	3.13992508e-04	8.32462402e+00	4.34297889e+02	0.00000000e+00
8.72730965e+01	5.99251559e-05	3.05164855e-04	8.32486265e+00	4.35277289e+02	0.00000000e+00
8.74694662e+01	5.38554760e-05	2.74255416e-04	8.32510135e+00	4.36256689e+02	0.00000000e+00
8.76658360e+01	5.24923601e-05	2.67313839e-04	8.32534010e+00	4.37236090e+02	0.00000000e+00
8.78622058e+01	5.23522004e-05	2.66600085e-04	8.32557886e+00	4.38215490e+02	0.00000000e+00
8.80585756e+01	5.46490703e-05	2.78296742e-04	8.32581758e+00	4.39194891e+02	0.00000000e+00
8.82549454e+01	4.81021256e-05	2.44956863e-04	8.32605622e+00	4.40174291e+02	0.00000000e+00
8.84513151e+01	4.30676150e-05	2.19318954e-04	8.32629480e+00	4.41153691e+02	0.00000000e+00
8.86476849e+01	4.64914216e-05	2.36754460e-04	8.32653341e+00	4.42133092e+02	0.00000000e+00
8.88440547e+01	7.94388385e-05	4.04536981e-04	8.32677213e+00	4.43112492e+02	0.00000000e+00
8.90404245e+01	4.89590238e-05	2.49320560e-04	8.32701104e+00	4.44091893e+02	0.00000000e+00
8.92367943e+01	4.13329733e-05	2.10485407e-04	8.32725026e+00	4.45071293e+02	0.00000000e+00
8.94331640e+01	5.19884170e-05	2.64747542e-04	8.32749557e+00	4.46050694e+02	0.00000000e+00
8.96295338e+01	4.61976164e-05	2.35258277e-04	8.32774555e+00	4.47030094e+02	0.00000000e+00
8.98259036e+01	5.11139891e-05	2.60294577e-04	8.32799224e+00	4.48009494e+02	0.00000000e+00
9.00222734e+01	4.35900296e-05	2.21979315e-04	8.32822796e+00	4.48988895e+02	0.00000000e+00
9.02186432e+01	4.30891566e-05	2.19428653e-04	8.32844544e+00	4.49968295e+02	0.00000000e+00
9.04150130e+01	6.17464113e-05	3.14439477e-04	8.32864202e+00	4.50947696e+02	0.00000000e+00
9.06113827e+01	3.42716863e-05	1.74526274e-04	8.32882409e+00	4.51927096e+02	0.00000000e+00
9.08077525e+01	4.21761556e-05	2.14779257e-04	8.32899768e+00	4.52906496e+02	0.00000000e+00
9.10041223e+01	4.74167741e-05	2.41466756e-04	8.32916867e+00	4.53885897e+02	0.00000000e+00
9.12004921e+01	5.24162580e-05	2.66926294e-04	8.32934259e+00	4.54865297e+02	0.00000000e+00
9.13968619e+01	4.49671692e-05	2.28992307e-04	8.32951778e+00	4.55844698e+02	0.00000000e+00
9.15932316e+01	3.89704685e-05	1.98454509e-04	8.32968878e+00	4.56824098e+02	0.00000000e+00
9.17896014e+01	3.36397270e-05	1.71308064e-04	8.32986105e+00	4.57803498e+02	0.00000000e+00
9.19859712e+01	5.47445646e-05	2.78783040e-04	8.33004049e+00	4.58782899e+02	0.00000000e+00
9.21823410e+01	5.44993129e-05	2.77534112e-04	8.33023284e+00	4.59762299e+02	0.00000000e+00
9.23787108e+01	3.79367908e-05	1.93190574e-04	8.33044803e+00	4.60741700e+02	0.00000000e+00
9.25750805e+01	4.87120560e-05	2.48062893e-04	8.33069039e+00	4.61721100e+02	0.00000000e+00
9.27714503e+01	4.62203598e-05	2.35374096e-04	8.33094504e+00	4.62700500e+02	0.00000000e+00
9.29678201e+01	4.82381498e-05	2.45649557e-04	8.33119608e+00	4.63679901e+02	0.00000000e+00
9.31641899e+01	5.43895362e-05	2.76975081e-04	8.33142821e+00	4.64659301e+02	0.00000000e+00
9.33605597e+01	4.66956569e-05	2.37794515e-04	8.33163202e+00	4.65638702e+02	0.00000000e+00
9.35569295e+01	3.19289992e-05	1.62596297e-04	8.33181811e+00	4.66618102e+02	0.00000000e+00
9.37532992e+01	4.48133816e-05	2.28209154e-04	8.33199370e+00	4.67597502e+02	0.00000000e+00
9.39496690e+01	2.91591001e-05	1.48490771e-04	8.33216496e+00	4.68576903e+02	0.00000000e+00
9.41460388e+01	3.68226845e-05	1.87517062e-04	8.33233757e+00	4.69556303e+02	0.00000000e+00
9.43424086e+01	4.19129585e-05	2.13438943e-04	8.33251557e+00	4.70535704e+02	0.00000000e+00
9.45387784e+01	4.47273450e-05	2.27771018e-04	8.33269474e+00	4.71515104e+02	0.00000000e+00
9.47351481e+01	4.47015394e-05	2.27639605e-04	8.33287411e+00	4.72494504e+02	0.00000000e+00
9.49315179e+01	3.91867439e-05	1.99555877e-04	8.33305360e+00	4.73473905e+02	0.00000000e+00
9.51278877e+01	4.50238351e-05	2.29280874e-04	8.33323313e+00	4.74453305e+02	0.00000000e+00
9.53242575e+01	4.41993073e-05	2.25082021e-04	8.33341264e+00	4.75432706e+02	0.00000000e+00
9.55206273e+01	3.12413290e-05	1.59094382e-04	8.33359211e+00	4.76412106e+02	0.00000000e+00
9.57169970e+01	3.68023849e-05	1.87413688e-04	8.33377155e+00	4.77391506e+02	0.00000000e+00
9.59133668e+01	4.67779228e-05	2.38213449e-04	8.33395094e+00	4.78370907e+02	0.00000000e+00
9.61097366e+01	3.52196683e-05	1.79353809e-04	8.33413027e+00	4.79350307e+02	0.00000000e+00
9.63061064e+01	2.99625903e-05	1.52582491e-04	8.33430952e+00	4.80329708e+02	0.00000000e+00
9.65024762e+01	3.84100190e-05	1.95600457e-04	8.33448873e+00	4.81309108e+02	0.00000000e+00
9.66988460e+01	3.92723034e-05	1.99991583e-04	8.33466799e+00	4.82288509e+02	0.00000000e+00
9.68952157e+01	3.82606638e-05	1.94839876e-04	8.33484738e+00	4.83267909e+02	0.00000000e+00
9.70915855e+01	4.34731938e-05	2.21384337e-04	8.33502700e+00	4.84247309e+02	0.00000000e+00
9.72879553e+01	3.08635374e-05	1.57170504e-04	8.33520733e+00	4.85226710e+02	0.00000000e+00
9.74843251e+01	3.60024613e-05	1.83340130e-04	8.33539511e+00	4.86206110e+02	0.00000000e+00
9.76806949e+01	3.31273055e-05	1.68698591e-04	8.33558647e+00	4.87185511e+02	0.00000000e+00
9.78770646e+01	4.56329387e-05	2.32382693e-04	8.33577306e+00	4.88164911e+02	0.00000000e+00
9.80734344e+01	4.09549670e-05	2.08560435e-04	8.33594637e+00	4.89144311e+02	0.00000000e+00
9.82698042e+01	3.12440430e-05	1.59108203e-04	8.33609911e+00	4.90123712e+02	0.00000000e+00
9.84661740e+01	3.16547823e-05	1.61199865e-04	8.33622768e+00	4.91103112e+02	0.00000000e+00
9.86625438e+01	2.57570968e-05	1.31166295e-04	8.33634050e+00	4.92082513e+02	0.00000000e+00
9.88589135e+01	3.25230847e-05	1.65621638e-04	8.33644899e+00	4.93061913e+02	0.00000000e+00
9.90552833e+01	3.76081693e-05	1.91517091e-04	8.33656385e+00	4.94041313e+02	0.00000000e+00
9.92516531e+01	3.50168291e-05	1.78320864e-04	8.33669563e+00	4.95020714e+02	0.00000000e+00
9.94480229e+01	4.43436791e-05	2.25817225e-04	8.33685441e+00	4.96000114e+02	0.00000000e+00
9.96443927e+01	3.28854615e-05	1.67467017e-04	8.33703524e+00	4.96979515e+02	0.00000000e+00
9.98407625e+01	3.38406036e-05	1.72331014e-04	8.33722648e+00	4.97958915e+02	0.00000000e+00
1.00037132e+02	3.33503578e-05	1.69834470e-04	8.33741679e+00	4.98938315e+02	0.00000000e+00
1.00233502e+02	3.33219428e-05	1.69689769e-04	8.33759494e+00	4.99917716e+02	0.00000000e+00
1.00429872e+02	3.53845786e-05	1.80193604e-04	8.33775862e+00	5.00897116e+02	0.00000000e+00
1.00626242e+02	3.65856694e-05	1.86310078e-04	8.33791648e+00	5.01876517e+02	0.00000000e+00
1.00822611e+02	2.72771117e-05	1.38906870e-04	8.33806968e+00	5.02855917e+02	0.00000000e+00
1.01018981e+02	3.28593367e-05	1.67333978e-04	8.33821924e+00	5.03835317e+02	0.00000000e+00
1.01215351e+02	1.87135519e-05	9.52975136e-05	8.33836613e+00	5.04814718e+02	0.00000000e+00
1.01411721e+02	2.31249524e-05	1.17762276e-04	8.33851132e+00	5.05794118e+02	0.00000000e+00
1.01608090e+02	3.37493291e-05	1.71866205e-04	8.33865573e+00	5.06773519e+02	0.00000000e+00
1.01804460e+02	1.76158507e-05	8.97075437e-05	8.33880028e+00	5.07752919e+02	0.00000000e+00
1.02000830e+02	2.30317764e-05	1.17287784e-04	8.33894584e+00	5.08732319e+02	0.00000000e+00
1.02197200e+02	4.29822139e-05	2.18884055e-04	8.33909328e+00	5.09711720e+02	0.00000000e+00
1.02393570e+02	3.68245816e-05	1.87526723e-04	8.33924346e+00	5.10691120e+02	0.00000000e+00
1.02589939e+02	3.74932336e-05	1.90931789e-04	8.33939634e+00	5.11670521e+02	0.00000000e+00
1.02786309e+02	3.02077622e-05	1.53831012e-04	8.33955093e+00	5.12649921e+02	0.00000000e+00
1.02982679e+02	2.74694112e-05	1.39886142e-04	8.33970621e+00	5.13629321e+02	0.00000000e+00
1.03179049e+02	3.05969507e-05	1.55812929e-04	8.33986116e+00	5.14608722e+02	0.00000000e+00
1.03375419e+02	3.28857581e-05	1.67468527e-04	8.34001481e+00	5.15588122e+02	0.00000000e+00
1.03571788e+02	2.40454338e-05	1.22449766e-04	8.34016620e+00	5.16567523e+02	0.00000000e+00
1.03768158e+02	2.61050298e-05	1.32938121e-04	8.34031440e+00	5.17546923e+02	0.00000000e+00
1.03964528e+02	2.02716590e-05	1.03232070e-04	8.34045851e+00	5.18526324e+02	0.00000000e+00
1.04160898e+02	3.12036594e-05	1.58902552e-04	8.34059765e+00	5.19505724e+02	0.00000000e+00
1.04357267e+02	3.17593534e-05	1.61732387e-04	8.34073114e+00	5.20485124e+02	0.00000000e+00
1.04553637e+02	3.26196597e-05	1.66113439e-04	8.34085954e+00	5.21464525e+02	0.00000000e+00
1.04750007e+02	3.30754351e-05	1.68434445e-04	8.34098377e+00	5.22443925e+02	0.00000000e+00
1.04946377e+02	3.06076176e-05	1.55867249e-04	8.34110464e+00	5.23423326e+02	0.00000000e+00
1.05142747e+02	3.36528247e-05	1.71374763e-04	8.34122301e+00	5.24402726e+02	0.00000000e+00
1.05339116e+02	2.93460051e-05	1.49442571e-04	8.34133967e+00	5.25382126e+02	0.00000000e+00
1.05535486e+02	3.14981692e-05	1.60402324e-04	8.34145538e+00	5.26361527e+02	0.00000000e+00
1.05731856e+02	2.41923356e-05	1.23197854e-04	8.34157087e+00	5.27340927e+02	0.00000000e+00
1.05928226e+02	2.97474171e-05	1.51486735e-04	8.34168689e+00	5.28320328e+02	0.00000000e+00
1.06124595e+02	2.61323017e-05	1.33077002e-04	8.34180414e+00	5.29299728e+02	0.00000000e+00
1.06320965e+02	2.31046754e-05	1.17659017e-04	8.34192323e+00	5.30279128e+02	0.00000000e+00
1.06517335e+02	3.66892607e-05	1.86837610e-04	8.34204296e+00	5.31258529e+02	0.00000000e+00
1.06713705e+02	2.40979224e-05	1.22717061e-04	8.34216275e+00	5.32237929e+02	0.00000000e+00
1.06910075e+02	2.74735684e-05	1.39907313e-04	8.34228258e+00	5.33217330e+02	0.00000000e+00
1.07106444e+02	2.14509676e-05	1.09237620e-04	8.34240246e+00	5.34196730e+02	0.00000000e+00
1.07302814e+02	1.68779093e-05	8.59496260e-05	8.34252235e+00	5.35176130e+02	0.00000000e+00
1.07499184e+02	1.94994531e-05	9.92996630e-05	8.34264226e+00	5.36155531e+02	0.00000000e+00
1.07695554e+02	2.74825231e-05	1.39952914e-04	8.34276216e+00	5.37134931e+02	0.00000000e+00
1.07891923e+02	3.67836749e-05	1.87318409e-04	8.34288205e+00	5.38114332e+02	0.00000000e+00
1.08088293e+02	3.51636663e-05	1.79068623e-04	8.34300192e+00	5.39093732e+02	0.00000000e+00
1.08284663e+02	2.80782344e-05	1.42986534e-04	8.34312175e+00	5.40073132e+02	0.00000000e+00
1.08481033e+02	2.06945081e-05	1.05385401e-04	8.34324156e+00	5.41052533e+02	0.00000000e+00
1.08677403e+02	2.13056923e-05	1.08497815e-04	8.34336135e+00	5.42031933e+02	0.00000000e+00
1.08873772e+02	2.30629392e-05	1.17446478e-04	8.34348115e+00	5.43011334e+02	0.00000000e+00
1.09070142e+02	3.09679815e-05	1.57702378e-04	8.34360096e+00	5.43990734e+02	0.00000000e+00
1.09266512e+02	2.45808987e-05	1.25176586e-04	8.34372079e+00	5.44970134e+02	0.00000000e+00
1.09462882e+02	3.27738938e-05	1.66898866e-04	8.34384065e+00	5.45949535e+02	0.00000000e+00
1.09659252e+02	1.59162097e-05	8.10522350e-05	8.34396055e+00	5.46928935e+02	0.00000000e+00
1.09855621e+02	2.24307588e-05	1.14227141e-04	8.34408050e+00	5.47908336e+02	0.00000000e+00
1.10051991e+02	2.39555396e-05	1.21991986e-04	8.34420050e+00	5.48887736e+02	0.00000000e+00
1.10248361e+02	2.67966910e-05	1.36460360e-04	8.34432056e+00	5.49867136e+02	0.00000000e+00
1.10444731e+02	2.04444640e-05	1.04112068e-04	8.34444191e+00	5.50846537e+02	0.00000000e+00
1.10641100e+02	2.74588446e-05	1.39832333e-04	8.34456571e+00	5.51825937e+02	0.00000000e+00
1.10837470e+02	2.49354915e-05	1.26982325e-04	8.34469104e+00	5.52805338e+02	0.00000000e+00
1.11033840e+02	2.53210678e-05	1.28945847e-04	8.34481681e+00	5.53784738e+02	0.00000000e+00
1.11230210e+02	2.99673523e-05	1.52606741e-04	8.34494201e+00	5.54764139e+02	0.00000000e+00
1.11426580e+02	2.66174480e-05	1.35547577e-04	8.34506560e+00	5.55743539e+02	0.00000000e+00
1.11622949e+02	1.68819030e-05	8.59699636e-05	8.34518671e+00	5.56722939e+02	0.00000000e+00
1.11819319e+02	1.90478105e-05	9.69997032e-05	8.34530421e+00	5.57702340e+02	0.00000000e+00
1.12015689e+02	2.42740862e-05	1.23614163e-04	8.34541741e+00	5.58681740e+02	0.00000000e+00
1.12212059e+02	2.30239630e-05	1.17247994e-04	8.34552521e+00	5.59661141e+02	0.00000000e+00
1.12408428e+02	3.43238097e-05	1.74791709e-04	8.34562682e+00	5.60640541e+02	0.00000000e+00
1.12604798e+02	2.96771586e-05	1.51128949e-04	8.34572170e+00	5.61619941e+02	0.00000000e+00
1.12801168e+02	2.45165377e-05	1.24848832e-04	8.34581157e+00	5.62599342e+02	0.00000000e+00
1.12997538e+02	2.63925778e-05	1.34402440e-04	8.34589780e+00	5.63578742e+02	0.00000000e+00
1.13193908e+02	2.26740358e-05	1.15466013e-04	8.34598207e+00	5.64558143e+02	0.00000000e+00
1.13390277e+02	2.28088331e-05	1.16152460e-04	8.34606576e+00	5.65537543e+02	0.00000000e+00
1.13586647e+02	3.74584068e-05	1.90754436e-04	8.34615033e+00	5.66516943e+02	0.00000000e+00
1.13783017e+02	2.54656002e-05	1.29681869e-04	8.34623731e+00	5.67496344e+02	0.00000000e+00
1.13979387e+02	2.06023660e-05	1.04916173e-04	8.34632798e+00	5.68475744e+02	0.00000000e+00
1.14175756e+02	2.80750836e-05	1.42970489e-04	8.34642384e+00	5.69455145e+02	0.00000000e+00
1.14372126e+02	3.44833105e-05	1.75603956e-04	8.34652656e+00	5.70434545e+02	0.00000000e+00
1.14568496e+02	2.60353282e-05	1.32583171e-04	8.34663787e+00	5.71413945e+02	0.00000000e+00
1.14764866e+02	4.04061235e-05	2.05765486e-04	8.34675672e+00	5.72393346e+02	0.00000000e+00
1.14961236e+02	2.19711003e-05	1.11886361e-04	8.34688067e+00	5.73372746e+02	0.00000000e+00
1.15157605e+02	3.05813967e-05	1.55733721e-04	8.34700793e+00	5.74352147e+02	0.00000000e+00
1.15353975e+02	2.19822058e-05	1.11942915e-04	8.34713635e+00	5.75331547e+02	0.00000000e+00
1.15550345e+02	2.79208748e-05	1.42185191e-04	8.34726400e+00	5.76310947e+02	0.00000000e+00
1.15746715e+02	3.26706761e-05	1.66373237e-04	8.34738885e+00	5.77290348e+02	0.00000000e+00
1.15943085e+02	2.02966109e-05	1.03359136e-04	8.34750918e+00	5.78269748e+02	0.00000000e+00
1.16139454e+02	1.74231199e-05	8.87260750e-05	8.34762293e+00	5.79249149e+02	0.00000000e+00
1.16335824e+02	2.05334856e-05	1.04565404e-04	8.34772866e+00	5.80228549e+02	0.00000000e+00
1.16532194e+02	3.06124196e-05	1.55891703e-04	8.34782828e+00	5.81207949e+02	0.00000000e+00
1.16728564e+02	2.40662442e-05	1.22555742e-04	8.34792352e+00	5.82187350e+02	0.00000000e+00
1.16924933e+02	2.29747383e-05	1.16997321e-04	8.34801534e+00	5.83166750e+02	0.00000000e+00
1.17121303e+02	2.41931406e-05	1.23201953e-04	8.34810455e+00	5.84146151e+02	0.00000000e+00
1.17317673e+02	2.99829675e-05	1.52686260e-04	8.34819186e+00	5.85125551e+02	0.00000000e+00
1.17514043e+02	2.64930276e-05	1.34913974e-04	8.34827804e+00	5.86104951e+02	0.00000000e+00
1.17710413e+02	2.48607629e-05	1.26601775e-04	8.34836384e+00	5.87084352e+02	0.00000000e+00
1.17906782e+02	2.01889325e-05	1.02810791e-04	8.34844994e+00	5.88063752e+02	0.00000000e+00
1.18103152e+02	2.68655319e-05	1.36810928e-04	8.34853711e+00	5.89043153e+02	0.00000000e+00
1.18299522e+02	2.94671009e-05	1.50059244e-04	8.34862595e+00	5.90022553e+02	0.00000000e+00
1.18495892e+02	1.62058944e-05	8.25274350e-05	8.34871584e+00	5.91001954e+02	0.00000000e+00
1.18692261e+02	2.15254438e-05	1.09616886e-04	8.34880580e+00	5.91981354e+02	0.00000000e+00
1.18888631e+02	2.03820721e-05	1.03794341e-04	8.34889582e+00	5.92960754e+02	0.00000000e+00
1.19085001e+02	2.24725381e-05	1.14439900e-04	8.34898586e+00	5.93940155e+02	0.00000000e+00
1.19281371e+02	2.28000073e-05	1.16107515e-04	8.34907593e+00	5.94919555e+02	0.00000000e+00
1.19477741e+02	2.14397376e-05	1.09180432e-04	8.34916600e+00	5.95898956e+02	0.00000000e+00
1.19674110e+02	2.14316229e-05	1.09139109e-04	8.34925608e+00	5.96878356e+02	0.00000000e+00
1.19870480e+02	1.28090929e-05	6.52294502e-05	8.34934614e+00	5.97857756e+02	0.00000000e+00
1.20066850e+02	1.76951720e-05	9.01114821e-05	8.34943619e+00	5.98837157e+02	0.00000000e+00
1.20263220e+02	2.01968386e-05	1.02851052e-04	8.34952621e+00	5.99816557e+02	0.00000000e+00
1.20459589e+02	1.74544039e-05	8.88853866e-05	8.34961620e+00	6.00795958e+02	0.00000000e+00
1.20655959e+02	2.08359924e-05	1.06105900e-04	8.34970618e+00	6.01775358e+02	0.00000000e+00
1.20852329e+02	2.02304908e-05	1.03022423e-04	8.34979615e+00	6.02754758e+02	0.00000000e+00
1.21048699e+02	2.24388218e-05	1.14268202e-04	8.34988614e+00	6.03734159e+02	0.00000000e+00
1.21245069e+02	2.48508320e-05	1.26551203e-04	8.34997613e+00	6.04713559e+02	0.00000000e+00
1.21441438e+02	2.07394789e-05	1.05614411e-04	8.35006615e+00	6.05692960e+02	0.00000000e+00
1.21637808e+02	2.42361748e-05	1.23421102e-04	8.35015620e+00	6.06672360e+02	0.00000000e+00
1.21834178e+02	2.20156687e-05	1.12113323e-04	8.35024629e+00	6.07651760e+02	0.00000000e+00
1.22030548e+02	2.04882083e-05	1.04334833e-04	8.35033642e+00	6.08631161e+02	0.00000000e+00
1.22226918e+02	3.12637177e-05	1.59208395e-04	8.35042661e+00	6.09610561e+02	0.00000000e+00
1.22423287e+02	1.35434409e-05	6.89690686e-05	8.35051754e+00	6.10589962e+02	0.00000000e+00
1.22619657e+02	2.08165855e-05	1.06007072e-04	8.35061108e+00	6.11569362e+02	0.00000000e+00
1.22816027e+02	1.47157083e-05	7.49387621e-05	8.35070648e+00	6.12548762e+02	0.00000000e+00
1.23012397e+02	1.91416383e-05	9.74775150e-05	8.35080265e+00	6.13528163e+02	0.00000000e+00
1.23208766e+02	1.33649118e-05	6.80599208e-05	8.35089850e+00	6.14507563e+02	0.00000000e+00
1.23405136e+02	2.12191324e-05	1.08057015e-04	8.35099300e+00	6.15486964e+02	0.00000000e+00
1.23601506e+02	2.19968064e-05	1.12017268e-04	8.35108509e+00	6.16466364e+02	0.00000000e+00
1.23797876e+02	1.95276657e-05	9.94433339e-05	8.35117379e+00	6.17445764e+02	0.00000000e+00
1.23994246e+02	1.91915048e-05	9.77314566e-05	8.35125808e+00	6.18425165e+02	0.00000000e+00
1.24190615e+02	1.69366536e-05	8.62487777e-05	8.35133703e+00	6.19404565e+02	0.00000000e+00
1.24386985e+02	2.08728412e-05	1.06293550e-04	8.35140975e+00	6.20383966e+02	0.00000000e+00
1.24583355e+02	2.28269285e-05	1.16244609e-04	8.35147599e+00	6.21363366e+02	0.00000000e+00
1.24779725e+02	1.55120152e-05	7.89939016e-05	8.35153705e+00	6.22342766e+02	0.00000000e+00
1.24976094e+02	2.71648189e-05	1.38335026e-04	8.35159441e+00	6.23322167e+02	0.00000000e+00
1.25172464e+02	2.35569541e-05	1.19962216e-04	8.35164950e+00	6.24301567e+02	0.00000000e+00
1.25368834e+02	2.25766377e-05	1.14970020e-04	8.35170369e+00	6.25280968e+02	0.00000000e+00
1.25565204e+02	2.30976990e-05	1.17623490e-04	8.35175836e+00	6.26260368e+02	0.00000000e+00
1.25761574e+02	1.53390216e-05	7.81129436e-05	8.35181485e+00	6.27239769e+02	0.00000000e+00
1.25957943e+02	1.67547758e-05	8.53225773e-05	8.35187448e+00	6.28219169e+02	0.00000000e+00
1.26154313e+02	1.24843570e-05	6.35757544e-05	8.35193859e+00	6.29198569e+02	0.00000000e+00
1.26350683e+02	2.05673732e-05	1.04737975e-04	8.35200856e+00	6.30177970e+02	0.00000000e+00
1.26547053e+02	2.48938761e-05	1.26770402e-04	8.35208735e+00	6.31157370e+02	0.00000000e+00
1.26743422e+02	2.92230477e-05	1.48816419e-04	8.35217438e+00	6.32136771e+02	0.00000000e+00
1.26939792e+02	4.39683269e-05	2.23905769e-04	8.35226749e+00	6.33116171e+02	0.00000000e+00
1.27136162e+02	2.85054325e-05	1.45162012e-04	8.35236454e+00	6.34095571e+02	0.00000000e+00
1.27332532e+02	1.42508895e-05	7.25717035e-05	8.35246341e+00	6.35074972e+02	0.00000000e+00
1.27528902e+02	1.60239029e-05	8.16006554e-05	8.35256198e+00	6.36054372e+02	0.00000000e+00
1.27725271e+02	2.11997273e-05	1.07958196e-04	8.35265819e+00	6.37033773e+02	0.00000000e+00
1.27921641e+02	2.33884410e-05	1.19104074e-04	8.35275003e+00	6.38013173e+02	0.00000000e+00
1.28118011e+02	1.84557061e-05	9.39844512e-05	8.35283554e+00	6.38992573e+02	0.00000000e+00
1.28314381e+02	2.18919094e-05	1.11483087e-04	8.35291291e+00	6.39971974e+02	0.00000000e+00
1.28510751e+02	1.66949260e-05	8.50177960e-05	8.35298321e+00	6.40951374e+02	0.00000000e+00
1.28707120e+02	1.67756914e-05	8.54290883e-05	8.35304921e+00	6.41930775e+02	0.00000000e+00
1.28903490e+02	2.29901964e-05	1.17076040e-04	8.35311179e+00	6.42910175e+02	0.00000000e+00
1.29099860e+02	1.81340134e-05	9.23462523e-05	8.35317170e+00	6.43889575e+02	0.00000000e+00
1.29296230e+02	3.27051770e-05	1.66548930e-04	8.35322966e+00	6.44868976e+02	0.00000000e+00
1.29492599e+02	2.63799856e-05	1.34338315e-04	8.35328635e+00	6.45848376e+02	0.00000000e+00
1.29688969e+02	1.79137918e-05	9.12247887e-05	8.35334252e+00	6.46827777e+02	0.00000000e+00
1.29885339e+02	5.09828227e-06	2.59626621e-05	8.35339883e+00	6.47807177e+02	0.00000000e+00
1.30081709e+02	1.99669553e-05	1.01680387e-04	8.35345594e+00	6.48786577e+02	0.00000000e+00
1.30278079e+02	1.94580139e-05	9.90886366e-05	8.35351446e+00	6.49765978e+02	0.00000000e+00
1.30474448e+02	8.43326402e-06	4.29458340e-05	8.35357434e+00	6.50745378e+02	0.00000000e+00
1.30670818e+02	2.17659016e-05	1.10841401e-04	8.35363438e+00	6.51724779e+02	0.00000000e+00
1.30867188e+02	2.00151440e-05	1.01925784e-04	8.35369447e+00	6.52704179e+02	0.00000000e+00
1.31063558e+02	1.49524312e-05	7.61442573e-05	8.35375458e+00	6.53683579e+02	0.00000000e+00
1.31259927e+02	2.73111688e-05	1.39080304e-04	8.35381471e+00	6.54662980e+02	0.00000000e+00
1.31456297e+02	1.85827621e-05	9.46314751e-05	8.35387485e+00	6.55642380e+02	0.00000000e+00
1.31652667e+02	2.48579698e-05	1.26587552e-04	8.35393497e+00	6.56621781e+02	0.00000000e+00
1.31849037e+02	2.03071539e-05	1.03412825e-04	8.35399509e+00	6.57601181e+02	0.00000000e+00
1.32045407e+02	1.94670289e-05	9.91345447e-05	8.35405517e+00	6.58580582e+02	0.00000000e+00
1.32241776e+02	1.40778456e-05	7.16904888e-05	8.35411522e+00	6.59559982e+02	0.00000000e+00
1.32438146e+02	1.93959470e-05	9.87725648e-05	8.35417483e+00	6.60539382e+02	0.00000000e+00
1.32634516e+02	1.08454187e-05	5.52295705e-05	8.35423280e+00	6.61518783e+02	0.00000000e+00
1.32830886e+02	6.05947515e-06	3.08574726e-05	8.35428945e+00	6.62498183e+02	0.00000000e+00
1.33027255e+02	2.14922039e-05	1.09447613e-04	8.35434558e+00	6.63477584e+02	0.00000000e+00
1.33223625e+02	2.58323182e-05	1.31549355e-04	8.35440186e+00	6.64456984e+02	0.00000000e+00
1.33419995e+02	2.34089801e-05	1.19208668e-04	8.35445895e+00	6.65436384e+02	0.00000000e+00
1.33616365e+02	2.16803482e-05	1.10405725e-04	8.35451757e+00	6.66415785e+02	0.00000000e+00
1.33812735e+02	1.69096207e-05	8.61111144e-05	8.35457844e+00	6.67395185e+02	0.00000000e+00
1.34009104e+02	1.47807523e-05	7.52699942e-05	8.35464214e+00	6.68374586e+02	0.00000000e+00
1.34205474e+02	2.08600098e-05	1.06228207e-04	8.35470928e+00	6.69353986e+02	0.00000000e+00
1.34401844e+02	2.14165240e-05	1.09062219e-04	8.35478110e+00	6.70333386e+02	0.00000000e+00
1.34598214e+02	1.39797214e-05	7.11907977e-05	8.35486152e+00	6.71312787e+02	0.00000000e+00
1.34794584e+02	1.97078066e-05	1.00360689e-04	8.35494959e+00	6.72292187e+02	0.00000000e+00
1.34990953e+02	2.47273939e-05	1.25922602e-04	8.35504331e+00	6.73271588e+02	0.00000000e+00
1.35187323e+02	1.33708373e-05	6.80900964e-05	8.35514076e+00	6.74250988e+02	0.00000000e+00
1.35383693e+02	2.37797629e-05	1.21096855e-04	8.35523969e+00	6.75230388e+02	0.00000000e+00
1.35580063e+02	1.41300464e-05	7.19563178e-05	8.35533800e+00	6.76209789e+02	0.00000000e+00
1.35776432e+02	1.66075788e-05	8.45729863e-05	8.35543383e+00	6.77189189e+02	0.00000000e+00
1.35972802e+02	1.55655151e-05	7.92663465e-05	8.35552485e+00	6.78168590e+02	0.00000000e+00
1.36169172e+02	1.99839492e-05	1.01766927e-04	8.35560924e+00	6.79147990e+02	0.00000000e+00
1.36365542e+02	1.69677528e-05	8.64071483e-05	8.35568576e+00	6.80127390e+02	0.00000000e+00
1.36561912e+02	1.63880852e-05	8.34552295e-05	8.35575769e+00	6.81106791e+02	0.00000000e+00
1.36758281e+02	1.74207066e-05	8.87137853e-05	8.35582815e+00	6.82086191e+02	0.00000000e+00
1.36954651e+02	1.54133674e-05	7.84915442e-05	8.35589678e+00	6.83065592e+02	0.00000000e+00
1.37151021e+02	2.51776006e-05	1.28215250e-04	8.35596313e+00	6.84044992e+02	0.00000000e+00
1.37347391e+02	1.74954566e-05	8.90944444e-05	8.35602649e+00	6.85024392e+02	0.00000000e+00
1.37543760e+02	1.45149636e-05	7.39164830e-05	8.35608672e+00	6.86003793e+02	0.00000000e+00
1.37740130e+02	1.40539702e-05	7.15689048e-05	8.35614337e+00	6.86983193e+02	0.00000000e+00
1.37936500e+02	1.83658705e-05	9.35269693e-05	8.35619567e+00	6.87962594e+02	0.00000000e+00
1.38132870e+02	1.54000916e-05	7.84239381e-05	8.35624369e+00	6.88941994e+02	0.00000000e+00
1.38329240e+02	1.33148487e-05	6.78049780e-05	8.35628681e+00	6.89921394e+02	0.00000000e+00
1.38525609e+02	1.26740314e-05	6.45416586e-05	8.35632442e+00	6.90900795e+02	0.00000000e+00
1.38721979e+02	9.82688917e-06	5.00427770e-05	8.35635742e+00	6.91880195e+02	0.00000000e+00
1.38918349e+02	1.74483294e-05	8.88544524e-05	8.35638651e+00	6.92859596e+02	0.00000000e+00
1.39114719e+02	1.35564049e-05	6.90350870e-05	8.35641325e+00	6.93838996e+02	0.00000000e+00
1.39311088e+02	2.27228980e-05	1.15714841e-04	8.35643866e+00	6.94818397e+02	0.00000000e+00
1.39507458e+02	1.77755257e-05	9.05206777e-05	8.35646394e+00	6.95797797e+02	0.00000000e+00
1.39703828e+02	1.96281269e-05	9.99549259e-05	8.35649013e+00	6.96777197e+02	0.00000000e+00
1.39900198e+02	1.69094967e-05	8.61104828e-05	8.35651854e+00	6.97756598e+02	0.00000000e+00
1.40096568e+02	2.31756749e-05	1.18020577e-04	8.35655007e+00	6.98735998e+02	0.00000000e+00
1.40292937e+02	1.21141469e-05	6.16904844e-05	8.35658589e+00	6.99715399e+02	0.00000000e+00
1.40489307e+02	2.15196102e-05	1.09587178e-04	8.35662775e+00	7.00694799e+02	0.00000000e+00
1.40685677e+02	1.03622503e-05	5.27690676e-05	8.35667610e+00	7.01674199e+02	0.00000000e+00
1.40882047e+02	1.67489429e-05	8.52928736e-05	8.35673093e+00	7.02653600e+02	0.00000000e+00
1.41078417e+02	6.69316808e-06	3.40845116e-05	8.35679013e+00	7.03633000e+02	0.00000000e+00
1.41274786e+02	1.85704036e-05	9.45685404e-05	8.35685307e+00	7.04612401e+02	0.00000000e+00
1.41471156e+02	1.17645404e-05	5.99101364e-05	8.35691834e+00	7.05591801e+02	0.00000000e+00
1.41667526e+02	1.82737183e-05	9.30576905e-05	8.35698485e+00	7.06571201e+02	0.00000000e+00
1.41863896e+02	1.25893292e-05	6.41103186e-05	8.35705142e+00	7.07550602e+02	0.00000000e+00
1.42060265e+02	2.29440862e-05	1.16841227e-04	8.35711705e+00	7.08530002e+02	0.00000000e+00
1.42256635e+02	9.50815638e-06	4.84196515e-05	8.35718031e+00	7.09509403e+02	0.00000000e+00
1.42453005e+02	1.27555659e-05	6.49568678e-05	8.35724112e+00	7.10488803e+02	0.00000000e+00
1.42649375e+02	1.65245752e-05	8.41502958e-05	8.35730127e+00	7.11468203e+02	0.00000000e+00
1.42845745e+02	2.05108101e-05	1.04449931e-04	8.35736140e+00	7.12447604e+02	0.00000000e+00
1.43042114e+02	1.69038436e-05	8.60816948e-05	8.35742150e+00	7.13427004e+02	0.00000000e+00
1.43238484e+02	1.42305866e-05	7.24683119e-05	8.35748160e+00	7.14406405e+02	0.00000000e+00
1.43434854e+02	1.28634019e-05	6.55060153e-05	8.35754169e+00	7.15385805e+02	0.00000000e+00
1.43631224e+02	1.33552887e-05	6.80109161e-05	8.35760180e+00	7.16365205e+02	0.00000000e+00
1.43827593e+02	1.98376657e-05	1.01021988e-04	8.35766193e+00	7.17344606e+02	0.00000000e+00
1.44023963e+02	1.54723652e-05	7.87919869e-05	8.35772209e+00	7.18324006e+02	0.00000000e+00
1.44220333e+02	2.35203751e-05	1.19775940e-04	8.35778228e+00	7.19303407e+02	0.00000000e+00
1.44416703e+02	1.44681257e-05	7.36779642e-05	8.35784289e+00	7.20282807e+02	0.00000000e+00
1.44613073e+02	6.46792647e-06	3.29374837e-05	8.35790579e+00	7.21262207e+02	0.00000000e+00
1.44809442e+02	1.23440560e-05	6.28612809e-05	8.35797134e+00	7.22241608e+02	0.00000000e+00
1.45005812e+02	1.47879783e-05	7.53067923e-05	8.35803807e+00	7.23221008e+02	0.00000000e+00
1.45202182e+02	2.04944160e-05	1.04366445e-04	8.35810484e+00	7.24200409e+02	0.00000000e+00
1.45398552e+02	1.26260004e-05	6.42970641e-05	8.35817056e+00	7.25179809e+02	0.00000000e+00
1.45594922e+02	2.04161362e-05	1.03967810e-04	8.35823380e+00	7.26159209e+02	0.00000000e+00
1.45791291e+02	1.17391386e-05	5.97807794e-05	8.35829383e+00	7.27138610e+02	0.00000000e+00
1.45987661e+02	1.39116548e-05	7.08441730e-05	8.35834907e+00	7.28118010e+02	0.00000000e+00
1.46184031e+02	1.46754181e-05	7.47335871e-05	8.35839895e+00	7.29097411e+02	0.00000000e+00
1.46380401e+02	1.69393673e-05	8.62625968e-05	8.35844212e+00	7.30076811e+02	0.00000000e+00
1.46576770e+02	1.24257493e-05	6.32772988e-05	8.35847906e+00	7.31056212e+02	0.00000000e+00
1.46773140e+02	1.55406676e-05	7.91398119e-05	8.35851136e+00	7.32035612e+02	0.00000000e+00
1.46969510e+02	1.58668921e-05	8.08010884e-05	8.35854001e+00	7.33015012e+02	0.00000000e+00
1.47165880e+02	2.23884342e-05	1.14011606e-04	8.35856654e+00	7.33994413e+02	0.00000000e+00
1.47362250e+02	1.51266404e-05	7.70314062e-05	8.35859182e+00	7.34973813e+02	0.00000000e+00
1.47558619e+02	1.51921407e-05	7.73649620e-05	8.35861714e+00	7.35953214e+02	0.00000000e+00
1.47754989e+02	1.59039029e-05	8.09895634e-05	8.35864370e+00	7.36932614e+02	0.00000000e+00
1.47951359e+02	1.58746160e-05	8.08404221e-05	8.35867248e+00	7.37912014e+02	0.00000000e+00
1.48147729e+02	1.13915269e-05	5.80105900e-05	8.35870460e+00	7.38891415e+02	0.00000000e+00
1.48344098e+02	1.22810631e-05	6.25404941e-05	8.35874153e+00	7.39870815e+02	0.00000000e+00
1.48540468e+02	3.08064161e-05	1.56879617e-04	8.35878545e+00	7.40850216e+02	0.00000000e+00
1.48736838e+02	1.58314698e-05	8.06207027e-05	8.35884000e+00	7.41829616e+02	0.00000000e+00
1.48933208e+02	1.68034944e-05	8.55706731e-05	8.35890144e+00	7.42809016e+02	0.00000000e+00
1.49129578e+02	1.45800643e-05	7.42480041e-05	8.35896821e+00	7.43788417e+02	0.00000000e+00
1.49325947e+02	1.99431091e-05	1.01558951e-04	8.35903775e+00	7.44767817e+02	0.00000000e+00
1.49522317e+02	1.50897247e-05	7.68434155e-05	8.35910770e+00	7.45747218e+02	0.00000000e+00
1.49718687e+02	9.40265758e-06	4.78824059e-05	8.35917559e+00	7.46726618e+02	0.00000000e+00
1.49915057e+02	1.37098884e-05	6.98166913e-05	8.35923962e+00	7.47706018e+02	0.00000000e+00
1.50111426e+02	2.14642323e-05	1.09305170e-04	8.35929680e+00	7.48685419e+02	0.00000000e+00
1.50307796e+02	1.78059434e-05	9.06755778e-05	8.35934563e+00	7.49664819e+02	0.00000000e+00
1.50504166e+02	1.95020288e-05	9.93127796e-05	8.35938578e+00	7.50644220e+02	0.00000000e+00
1.50700536e+02	1.96986415e-05	1.00314017e-04	8.35941965e+00	7.51623620e+02	0.00000000e+00
1.50896906e+02	1.17926226e-05	6.00531430e-05	8.35944981e+00	7.52603020e+02	0.00000000e+00
1.51093275e+02	1.32814866e-05	6.76350835e-05	8.35947712e+00	7.53582421e+02	0.00000000e+00
1.51289645e+02	1.41809839e-05	7.22157136e-05	8.35950275e+00	7.54561821e+02	0.00000000e+00
1.51486015e+02	1.62772338e-05	8.28907262e-05	8.35952794e+00	7.55541222e+02	0.00000000e+00
1.51682385e+02	1.78749570e-05	9.10270251e-05	8.35955385e+00	7.56520622e+02	0.00000000e+00
1.51878755e+02	1.77547297e-05	9.04147753e-05	8.35958159e+00	7.57500022e+02	0.00000000e+00
1.52075124e+02	2.49101260e-05	1.26853154e-04	8.35961204e+00	7.58479423e+02	0.00000000e+00
1.52271494e+02	1.86506903e-05	9.49773948e-05	8.35964683e+00	7.59458823e+02	0.00000000e+00
1.52467864e+02	1.54087041e-05	7.84677966e-05	8.35968762e+00	7.60438224e+02	0.00000000e+00
1.52664234e+02	1.87395727e-05	9.54300227e-05	8.35973720e+00	7.61417624e+02	0.00000000e+00
1.52860603e+02	4.89494256e-06	2.49271682e-05	8.35979611e+00	7.62397024e+02	0.00000000e+00
1.53056973e+02	1.07458419e-05	5.47224822e-05	8.35986090e+00	7.63376425e+02	0.00000000e+00
1.53253343e+02	1.58686584e-05	8.08100836e-05	8.35992933e+00	7.64355825e+02	0.00000000e+00
1.53449713e+02	1.34726217e-05	6.86084264e-05	8.35999937e+00	7.65335226e+02	0.00000000e+00
1.53646083e+02	1.23904462e-05	6.30975199e-05	8.36006848e+00	7.66314626e+02	0.00000000e+00
1.53842452e+02	1.47107485e-05	7.49135048e-05	8.36013471e+00	7.67294027e+02	0.00000000e+00
1.54038822e+02	1.20048868e-05	6.11340844e-05	8.36019481e+00	7.68273427e+02	0.00000000e+00
1.54235192e+02	9.37233475e-06	4.77279889e-05	8.36024765e+00	7.69252827e+02	0.00000000e+00
1.54431562e+02	1.81527394e-05	9.24416136e-05	8.36029164e+00	7.70232228e+02	0.00000000e+00
1.54627931e+02	1.50771394e-05	7.67793257e-05	8.36032905e+00	7.71211628e+02	0.00000000e+00
1.54824301e+02	1.45934954e-05	7.43164010e-05	8.36036326e+00	7.72191029e+02	0.00000000e+00
1.55020671e+02	1.35783502e-05	6.91468416e-05	8.36039492e+00	7.73170429e+02	0.00000000e+00
1.55217041e+02	1.66837046e-05	8.49606516e-05	8.36042437e+00	7.74149829e+02	0.00000000e+00
1.55413411e+02	2.06600140e-05	1.05209742e-04	8.36045234e+00	7.75129230e+02	0.00000000e+00
1.55609780e+02	1.55049949e-05	7.89581511e-05	8.36047947e+00	7.76108630e+02	0.00000000e+00
1.55806150e+02	1.34187568e-05	6.83341230e-05	8.36050628e+00	7.77088031e+02	0.00000000e+00
1.56002520e+02	1.92271104e-05	9.79127761e-05	8.36053335e+00	7.78067431e+02	0.00000000e+00
1.56198890e+02	1.61947628e-05	8.24707483e-05	8.36056122e+00	7.79046831e+02	0.00000000e+00
1.56395259e+02	1.13019822e-05	5.75545896e-05	8.36059031e+00	7.80026232e+02	0.00000000e+00
1.56591629e+02	1.25462870e-05	6.38911289e-05	8.36061926e+00	7.81005632e+02	0.00000000e+00
1.56787999e+02	5.51781616e-06	2.80991104e-05	8.36064693e+00	7.81985033e+02	0.00000000e+00
1.56984369e+02	1.05286679e-05	5.36165384e-05	8.36067389e+00	7.82964433e+02	0.00000000e+00
1.57180739e+02	8.63303861e-06	4.39631727e-05	8.36070067e+00	7.83943833e+02	0.00000000e+00
1.57377108e+02	1.56162052e-05	7.95244823e-05	8.36072785e+00	7.84923234e+02	0.00000000e+00
1.57573478e+02	2.23442273e-05	1.13786486e-04	8.36075605e+00	7.85902634e+02	0.00000000e+00
1.57769848e+02	1.50967214e-05	7.68790456e-05	8.36078574e+00	7.86882035e+02	0.00000000e+00
1.57966218e+02	8.67338887e-06	4.41686537e-05	8.36081742e+00	7.87861435e+02	0.00000000e+00
1.58162588e+02	1.61430310e-05	8.22073073e-05	8.36085189e+00	7.88840835e+02	0.00000000e+00
1.58358957e+02	1.38300026e-05	7.04283647e-05	8.36088985e+00	7.89820236e+02	0.00000000e+00
1.58555327e+02	1.39569398e-05	7.10747843e-05	8.36093403e+00	7.90799636e+02	0.00000000e+00
1.58751697e+02	1.75310031e-05	8.92754628e-05	8.36098725e+00	7.91779037e+02	0.00000000e+00
1.58948067e+02	1.67784545e-05	8.54431594e-05	8.36104857e+00	7.92758437e+02	0.00000000e+00
1.59144436e+02	1.22120342e-05	6.21889686e-05	8.36111521e+00	7.93737837e+02	0.00000000e+00
1.59340806e+02	2.00136131e-05	1.01917988e-04	8.36118456e+00	7.94717238e+02	0.00000000e+00
1.59537176e+02	2.47065527e-05	1.25816470e-04	8.36125452e+00	7.95696638e+02	0.00000000e+00
1.59733546e+02	1.90377652e-05	9.69485483e-05	8.36132267e+00	7.96676039e+02	0.00000000e+00
1.59929916e+02	1.75444996e-05	8.93441926e-05	8.36138657e+00	7.97655439e+02	0.00000000e+00
1.60126285e+02	1.26271142e-05	6.43027362e-05	8.36144436e+00	7.98634839e+02	0.00000000e+00
1.60322655e+02	1.75268545e-05	8.92543363e-05	8.36149406e+00	7.99614240e+02	0.00000000e+00
1.60519025e+02	1.86636362e-05	9.50433211e-05	8.36153500e+00	8.00593640e+02	0.00000000e+00
1.60715395e+02	1.29990779e-05	6.61969363e-05	8.36157107e+00	8.01573041e+02	0.00000000e+00
1.60911764e+02	8.59032163e-06	4.37456393e-05	8.36160418e+00	8.02552441e+02	0.00000000e+00
1.61108134e+02	1.17726490e-05	5.99514290e-05	8.36163491e+00	8.03531842e+02	0.00000000e+00
1.61304504e+02	1.40962909e-05	7.17844201e-05	8.36166383e+00	8.04511242e+02	0.00000000e+00
1.61500874e+02	9.36933829e-06	4.77127297e-05	8.36169147e+00	8.05490642e+02	0.00000000e+00
1.61697244e+02	1.49129564e-05	7.59432350e-05	8.36171840e+00	8.06470043e+02	0.00000000e+00
1.61893613e+02	1.60693506e-05	8.18320949e-05	8.36174527e+00	8.07449443e+02	0.00000000e+00
1.62089983e+02	8.07249893e-06	4.11086618e-05	8.36177260e+00	8.08428844e+02	0.00000000e+00
1.62286353e+02	5.85633896e-06	2.98230152e-05	8.36180092e+00	8.09408244e+02	0.00000000e+00
1.62482723e+02	2.26860167e-05	1.15527025e-04	8.36183055e+00	8.10387644e+02	0.00000000e+00
1.62679092e+02	2.02624207e-05	1.03185024e-04	8.36186060e+00	8.11367045e+02	0.00000000e+00
1.62875462e+02	1.40382703e-05	7.14889540e-05	8.36189067e+00	8.12346445e+02	0.00000000e+00
1.63071832e+02	1.11154516e-05	5.66046951e-05	8.36192077e+00	8.13325846e+02	0.00000000e+00
1.63268202e+02	1.24188512e-05	6.32421707e-05	8.36195087e+00	8.14305246e+02	0.00000000e+00
1.63464572e+02	1.94588394e-05	9.90928406e-05	8.36198099e+00	8.15284646e+02	0.00000000e+00
1.63660941e+02	1.98735388e-05	1.01204670e-04	8.36201111e+00	8.16264047e+02	0.00000000e+00
1.63857311e+02	2.39595537e-05	1.22012427e-04	8.36204123e+00	8.17243447e+02	0.00000000e+00
1.64053681e+02	1.19097409e-05	6.06495604e-05	8.36207135e+00	8.18222848e+02	0.00000000e+00
1.64250051e+02	1.02526672e-05	5.22110232e-05	8.36210147e+00	8.19202248e+02	0.00000000e+00
1.64446421e+02	1.60735558e-05	8.18535095e-05	8.36213159e+00	8.20181648e+02	0.00000000e+00
1.64642790e+02	9.49338574e-06	4.83444330e-05	8.36216170e+00	8.21161049e+02	0.00000000e+00
1.64839160e+02	1.21593844e-05	6.19208531e-05	8.36219180e+00	8.22140449e+02	0.00000000e+00
1.65035530e+02	1.80891885e-05	9.21179846e-05	8.36222191e+00	8.23119850e+02	0.00000000e+00
1.65231900e+02	1.08246475e-05	5.51237948e-05	8.36225202e+00	8.24099250e+02	0.00000000e+00
1.65428269e+02	9.29139446e-06	4.73158059e-05	8.36228212e+00	8.25078650e+02	0.00000000e+00
1.65624639e+02	8.79371663e-06	4.47814148e-05	8.36231223e+00	8.26058051e+02	0.00000000e+00
1.65821009e+02	1.59612501e-05	8.12816003e-05	8.36234233e+00	8.27037451e+02	0.00000000e+00
1.66017379e+02	9.91634517e-06	5.04983257e-05	8.36237243e+00	8.28016852e+02	0.00000000e+00
1.66213749e+02	1.30100200e-05	6.62526581e-05	8.36240253e+00	8.28996252e+02	0.00000000e+00
1.66410118e+02	1.11664448e-05	5.68643744e-05	8.36243263e+00	8.29975652e+02	0.00000000e+00
1.66606488e+02	1.97833509e-05	1.00745393e-04	8.36246273e+00	8.30955053e+02	0.00000000e+00
1.66802858e+02	1.23262718e-05	6.27707160e-05	8.36249283e+00	8.31934453e+02	0.00000000e+00
1.66999228e+02	8.19327017e-06	4.17236813e-05	8.36252293e+00	8.32913854e+02	0.00000000e+00
1.67195597e+02	6.72587397e-06	3.42510641e-05	8.36255304e+00	8.33893254e+02	0.00000000e+00
1.67391967e+02	1.36053116e-05	6.92841407e-05	8.36258315e+00	8.34872654e+02	0.00000000e+00
1.67588337e+02	1.20086425e-05	6.11532103e-05	8.36261326e+00	8.35852055e+02	0.00000000e+00
1.67784707e+02	7.73797731e-06	3.94051328e-05	8.36264337e+00	8.36831455e+02	0.00000000e+00
1.67981077e+02	1.76186328e-05	8.97217111e-05	8.36267348e+00	8.37810856e+02	0.00000000e+00
1.68177446e+02	8.00315103e-06	4.07555122e-05	8.36270358e+00	8.38790256e+02	0.00000000e+00
1.68373816e+02	1.22707979e-05	6.24882190e-05	8.36273369e+00	8.39769657e+02	0.00000000e+00
1.68570186e+02	8.07654563e-06	4.11292694e-05	8.36276380e+00	8.40749057e+02	0.00000000e+00
1.68766556e+02	2.57311175e-06	1.31033998e-05	8.36279391e+00	8.41728457e+02	0.00000000e+00
1.68962925e+02	7.54652870e-06	3.84301936e-05	8.36282402e+00	8.42707858e+02	0.00000000e+00
1.69159295e+02	7.43499151e-06	3.78621978e-05	8.36285412e+00	8.43687258e+02	0.00000000e+00
1.69355665e+02	6.44571918e-06	3.28243946e-05	8.36288423e+00	8.44666659e+02	0.00000000e+00
1.69552035e+02	1.14332909e-05	5.82232706e-05	8.36291434e+00	8.45646059e+02	0.00000000e+00
1.69748405e+02	1.48683431e-05	7.57160443e-05	8.36294445e+00	8.46625459e+02	0.00000000e+00
1.69944774e+02	1.77697075e-05	9.04910491e-05	8.36297456e+00	8.47604860e+02	0.00000000e+00
1.70141144e+02	1.14388754e-05	5.82517090e-05	8.36300467e+00	8.48584260e+02	0.00000000e+00
1.70337514e+02	1.29538564e-05	6.59666487e-05	8.36303478e+00	8.49563661e+02	0.00000000e+00
1.70533884e+02	2.71555293e-06	1.38287720e-05	8.36306489e+00	8.50543061e+02	0.00000000e+00
1.70730254e+02	6.12024598e-06	3.11669440e-05	8.36309500e+00	8.51522461e+02	0.00000000e+00
1.70926623e+02	1.54317264e-05	7.85850366e-05	8.36312511e+00	8.52501862e+02	0.00000000e+00
1.71122993e+02	1.51923594e-05	7.73660761e-05	8.36315523e+00	8.53481262e+02	0.00000000e+00
1.71319363e+02	1.20539092e-05	6.13837276e-05	8.36318534e+00	8.54460663e+02	0.00000000e+00
1.71515733e+02	1.05704448e-05	5.38292846e-05	8.36321545e+00	8.55440063e+02	0.00000000e+00
1.71712102e+02	1.76891388e-05	9.00807581e-05	8.36324556e+00	8.56419463e+02	0.00000000e+00
1.71908472e+02	1.28817415e-05	6.55994086e-05	8.36327567e+00	8.57398864e+02	0.00000000e+00
1.72104842e+02	7.24955326e-06	3.69178659e-05	8.36330578e+00	8.58378264e+02	0.00000000e+00
1.72301212e+02	8.95836092e-06	4.56198549e-05	8.36333589e+00	8.59357665e+02	0.00000000e+00
1.72497582e+02	8.55663371e-06	4.35740859e-05	8.36336600e+00	8.60337065e+02	0.00000000e+00
1.72693951e+02	9.05448967e-06	4.61093841e-05	8.36339610e+00	8.61316465e+02	0.00000000e+00
1.72890321e+02	1.35978819e-05	6.92463057e-05	8.36342621e+00	8.62295866e+02	0.00000000e+00
1.73086691e+02	8.23158871e-06	4.19188159e-05	8.36345633e+00	8.63275266e+02	0.00000000e+00
1.73283061e+02	7.84918260e-06	3.99714383e-05	8.36348644e+00	8.64254667e+02	0.00000000e+00
1.73479430e+02	1.20124652e-05	6.11726770e-05	8.36351655e+00	8.65234067e+02	0.00000000e+00
1.73675800e+02	1.24982482e-05	6.36464946e-05	8.36354667e+00	8.66213467e+02	0.00000000e+00
1.73872170e+02	3.27800974e-06	1.66930457e-05	8.36357679e+00	8.67192868e+02	0.00000000e+00
1.74068540e+02	1.09542549e-05	5.57838119e-05	8.36360690e+00	8.68172268e+02	0.00000000e+00
1.74264910e+02	1.09999827e-05	5.60166775e-05	8.36363702e+00	8.69151669e+02	0.00000000e+00
1.74461279e+02	1.76911876e-05	9.00911917e-05	8.36366713e+00	8.70131069e+02	0.00000000e+00
1.74657649e+02	1.18257751e-05	6.02219701e-05	8.36369724e+00	8.71110470e+02	0.00000000e+00
1.74854019e+02	1.33632008e-05	6.80512078e-05	8.36372736e+00	8.72089870e+02	0.00000000e+00
1.75050389e+02	9.57551414e-06	4.87626664e-05	8.36375747e+00	8.73069270e+02	0.00000000e+00
1.75246758e+02	1.84080080e-05	9.37415516e-05	8.36378759e+00	8.74048671e+02	0.00000000e+00
1.75443128e+02	1.30438715e-05	6.64250447e-05	8.36381770e+00	8.75028071e+02	0.00000000e+00
1.75639498e+02	8.51416246e-06	4.33578038e-05	8.36384782e+00	8.76007472e+02	0.00000000e+00
1.75835868e+02	1.10561236e-05	5.63025714e-05	8.36387793e+00	8.76986872e+02	0.00000000e+00
1.76032238e+02	1.21695135e-05	6.19724347e-05	8.36390805e+00	8.77966272e+02	0.00000000e+00
1.76228607e+02	8.05683427e-06	4.10288906e-05	8.36393817e+00	8.78945673e+02	0.00000000e+00
1.76424977e+02	9.38391809e-06	4.77869763e-05	8.36396828e+00	8.79925073e+02	0.00000000e+00
1.76621347e+02	8.10165109e-06	4.12571172e-05	8.36399840e+00	8.80904474e+02	0.00000000e+00
1.76817717e+02	1.39842572e-05	7.12138962e-05	8.36402852e+00	8.81883874e+02	0.00000000e+00
1.77014087e+02	1.17979991e-05	6.00805225e-05	8.36405864e+00	8.82863274e+02	0.00000000e+00
1.77210456e+02	5.88959556e-06	2.99923721e-05	8.36408875e+00	8.83842675e+02	0.00000000e+00
1.77406826e+02	1.29416188e-05	6.59043295e-05	8.36411887e+00	8.84822075e+02	0.00000000e+00
1.77603196e+02	1.04954947e-05	5.34476059e-05	8.36414899e+00	8.85801476e+02	0.00000000e+00
1.77799566e+02	1.09840959e-05	5.59357750e-05	8.36417910e+00	8.86780876e+02	0.00000000e+00
1.77995935e+02	6.70882333e-06	3.41642349e-05	8.36420922e+00	8.87760276e+02	0.00000000e+00
1.78192305e+02	1.14632624e-05	5.83758981e-05	8.36423934e+00	8.88739677e+02	0.00000000e+00
1.78388675e+02	5.98370368e-06	3.04716115e-05	8.36426946e+00	8.89719077e+02	0.00000000e+00
1.78585045e+02	9.21044149e-06	4.69035583e-05	8.36429958e+00	8.90698478e+02	0.00000000e+00
1.78781415e+02	1.07458617e-05	5.47225831e-05	8.36432971e+00	8.91677878e+02	0.00000000e+00
1.78977784e+02	1.10538203e-05	5.62908418e-05	8.36435984e+00	8.92657278e+02	0.00000000e+00
1.79174154e+02	9.04654110e-06	4.60689065e-05	8.36438997e+00	8.93636679e+02	0.00000000e+00
1.79370524e+02	1.89401527e-05	9.64514629e-05	8.36442010e+00	8.94616079e+02	0.00000000e+00
1.79566894e+02	2.13639546e-05	1.08794513e-04	8.36445022e+00	8.95595480e+02	0.00000000e+00
1.79763263e+02	1.18085329e-05	6.01341654e-05	8.36448035e+00	8.96574880e+02	0.00000000e+00
1.79959633e+02	7.94200583e-06	4.04441344e-05	8.36451046e+00	8.97554280e+02	0.00000000e+00
1.80156003e+02	1.33967149e-05	6.82218762e-05	8.36454057e+00	8.98533681e+02	0.00000000e+00
1.80352373e+02	1.07614274e-05	5.48018507e-05	8.36457067e+00	8.99513081e+02	0.00000000e+00
1.80548743e+02	8.89438205e-06	4.52940467e-05	8.36460076e+00	9.00492482e+02	0.00000000e+00
1.80745112e+02	9.15735977e-06	4.66332432e-05	8.36463084e+00	9.01471882e+02	0.00000000e+00
1.80941482e+02	1.26240826e-05	6.42872977e-05	8.36466093e+00	9.02451282e+02	0.00000000e+00
1.81137852e+02	1.17634430e-05	5.99045482e-05	8.36469101e+00	9.03430683e+02	0.00000000e+00
1.81334222e+02	9.03259822e-06	4.59979033e-05	8.36472111e+00	9.04410083e+02	0.00000000e+00
1.81530591e+02	1.08921365e-05	5.54674779e-05	8.36475121e+00	9.05389484e+02	0.00000000e+00
1.81726961e+02	8.43453979e-06	4.29523307e-05	8.36478133e+00	9.06368884e+02	0.00000000e+00
1.81923331e+02	7.98515540e-06	4.06638707e-05	8.36481147e+00	9.07348285e+02	0.00000000e+00
1.82119701e+02	1.04705380e-05	5.33205158e-05	8.36484163e+00	9.08327685e+02	0.00000000e+00
1.82316071e+02	2.22898126e-05	1.13509382e-04	8.36487183e+00	9.09307085e+02	0.00000000e+00
1.82512440e+02	1.08896676e-05	5.54549051e-05	8.36490247e+00	9.10286486e+02	0.00000000e+00
1.82708810e+02	1.31923098e-05	6.71809566e-05	8.36493675e+00	9.11265886e+02	0.00000000e+00
1.82905180e+02	7.07037949e-07	3.60054355e-06	8.36497501e+00	9.12245287e+02	0.00000000e+00
1.83101550e+02	1.16449351e-05	5.93010543e-05	8.36501510e+00	9.13224687e+02	0.00000000e+00
1.83297920e+02	1.05093404e-05	5.35181144e-05	8.36505517e+00	9.14204087e+02	0.00000000e+00
1.83494289e+02	1.02392039e-05	5.21424620e-05	8.36509344e+00	9.15183488e+02	0.00000000e+00
1.83690659e+02	1.39749240e-05	7.11663672e-05	8.36512817e+00	9.16162888e+02	0.00000000e+00
1.83887029e+02	1.74236042e-05	8.87285409e-05	8.36515769e+00	9.17142289e+02	0.00000000e+00
1.84083399e+02	1.41579947e-05	7.20986428e-05	8.36518038e+00	9.18121689e+02	0.00000000e+00
1.84279768e+02	1.25204850e-05	6.37597338e-05	8.36519469e+00	9.19101089e+02	0.00000000e+00
1.84476138e+02	1.58750391e-05	8.08425768e-05	8.36520046e+00	9.20080490e+02	0.00000000e+00
1.84672508e+02	1.45844587e-05	7.42703822e-05	8.36520076e+00	9.21059890e+02	0.00000000e+00
1.84868878e+02	1.07992639e-05	5.49945305e-05	8.36520076e+00	9.22039291e+02	0.00000000e+00
1.85065248e+02	8.13798147e-06	4.14421273e-05	8.36520076e+00	9.23018691e+02	0.00000000e+00
1.85261617e+02	9.91491315e-06	5.04910332e-05	8.36520076e+00	9.23998091e+02	0.00000000e+00
1.85457987e+02	6.51338837e-06	3.31689954e-05	8.36520076e+00	9.24977492e+02	0.00000000e+00
1.85654357e+02	7.53254788e-06	3.83589972e-05	8.36520076e+00	9.25956892e+02	0.00000000e+00
1.85850727e+02	7.31984324e-06	3.72758129e-05	8.36520076e+00	9.26936293e+02	0.00000000e+00
1.86047096e+02	1.11410534e-05	5.67350707e-05	8.36520076e+00	9.27915693e+02	0.00000000e+00
1.86243466e+02	1.56528761e-05	7.97112267e-05	8.36520076e+00	9.28895093e+02	0.00000000e+00
1.86439836e+02	1.28990899e-05	6.56877542e-05	8.36520149e+00	9.29874494e+02	0.00000000e+00
1.86636206e+02	8.21667879e-06	4.18428881e-05	8.36520576e+00	9.30853894e+02	0.00000000e+00
1.86832576e+02	1.18194573e-05	6.01897970e-05	8.36521961e+00	9.31833295e+02	0.00000000e+00
1.87028945e+02	4.53853837e-06	2.31122036e-05	8.36524288e+00	9.32812695e+02	0.00000000e+00
1.87225315e+02	7.87967433e-06	4.01267154e-05	8.36527295e+00	9.33792095e+02	0.00000000e+00
1.87421685e+02	8.14665816e-06	4.14863127e-05	8.36530788e+00	9.34771496e+02	0.00000000e+00
1.87618055e+02	9.70505102e-06	4.94223243e-05	8.36534601e+00	9.35750896e+02	0.00000000e+00
1.87814424e+02	1.16308975e-05	5.92295688e-05	8.36538567e+00	9.36730297e+02	0.00000000e+00
1.88010794e+02	1.27435694e-05	6.48957763e-05	8.36542521e+00	9.37709697e+02	0.00000000e+00
1.88207164e+02	1.32342742e-05	6.73946575e-05	8.36546298e+00	9.38689097e+02	0.00000000e+00
1.88403534e+02	1.26744186e-05	6.45436302e-05	8.36549757e+00	9.39668498e+02	0.00000000e+00
1.88599904e+02	1.37847453e-05	7.01978952e-05	8.36552832e+00	9.40647898e+02	0.00000000e+00
1.88796273e+02	7.10884183e-06	3.62013024e-05	8.36555847e+00	9.41627299e+02	0.00000000e+00
1.88992643e+02	1.33024421e-05	6.77417984e-05	8.36558859e+00	9.42606699e+02	0.00000000e+00
1.89189013e+02	1.43098033e-05	7.28717178e-05	8.36561870e+00	9.43586100e+02	0.00000000e+00
1.89385383e+02	1.04800177e-05	5.33687904e-05	8.36564880e+00	9.44565500e+02	0.00000000e+00
1.89581753e+02	8.56213749e-06	4.36021135e-05	8.36567890e+00	9.45544900e+02	0.00000000e+00
1.89778122e+02	1.15414723e-05	5.87741769e-05	8.36570900e+00	9.46524301e+02	0.00000000e+00
1.89974492e+02	1.46411067e-05	7.45588582e-05	8.36573912e+00	9.47503701e+02	0.00000000e+00
1.90170862e+02	1.38492986e-05	7.05266283e-05	8.36576925e+00	9.48483102e+02	0.00000000e+00
1.90367232e+02	7.06747324e-06	3.59906356e-05	8.36579942e+00	9.49462502e+02	0.00000000e+00
1.90563601e+02	6.67504484e-06	3.39922202e-05	8.36583089e+00	9.50441902e+02	0.00000000e+00
1.90759971e+02	8.38135760e-06	4.26815040e-05	8.36586596e+00	9.51421303e+02	0.00000000e+00
1.90956341e+02	1.27587537e-05	6.49731012e-05	8.36590424e+00	9.52400703e+02	0.00000000e+00
1.91152711e+02	1.42375275e-05	7.25036582e-05	8.36594418e+00	9.53380104e+02	0.00000000e+00
1.91349081e+02	6.90452013e-06	3.51608078e-05	8.36598413e+00	9.54359504e+02	0.00000000e+00
1.91545450e+02	1.41307392e-05	7.19598459e-05	8.36602239e+00	9.55338904e+02	0.00000000e+00
1.91741820e+02	1.03164030e-05	5.25355933e-05	8.36605628e+00	9.56318305e+02	0.00000000e+00
1.91938190e+02	1.03184435e-05	5.25459846e-05	8.36608460e+00	9.57297705e+02	0.00000000e+00
1.92134560e+02	8.78496752e-06	4.47368606e-05	8.36610588e+00	9.58277106e+02	0.00000000e+00
1.92330929e+02	1.08349326e-05	5.51761709e-05	8.36611874e+00	9.59256506e+02	0.00000000e+00
1.92527299e+02	1.51081019e-05	7.69370003e-05	8.36612363e+00	9.60235906e+02	0.00000000e+00
1.92723669e+02	6.61643545e-06	3.36937557e-05	8.36612363e+00	9.61215307e+02	0.00000000e+00
1.92920039e+02	7.17799351e-06	3.65534527e-05	8.36612363e+00	9.62194707e+02	0.00000000e+00
1.93116409e+02	6.18660317e-06	3.15048636e-05	8.36612363e+00	9.63174108e+02	0.00000000e+00
1.93312778e+02	6.18656873e-06	3.15046882e-05	8.36612363e+00	9.64153508e+02	0.00000000e+00
1.93509148e+02	1.02084661e-05	5.19859319e-05	8.36612363e+00	9.65132908e+02	0.00000000e+00
1.93705518e+02	1.55862772e-05	7.93720762e-05	8.36612363e+00	9.66112309e+02	0.00000000e+00
1.93901888e+02	1.03652748e-06	5.27844698e-06	8.36612363e+00	9.67091709e+02	0.00000000e+00
1.94098257e+02	2.89143440e-06	1.47244366e-05	8.36612363e+00	9.68071110e+02	0.00000000e+00
1.94294627e+02	1.55487995e-05	7.91812232e-05	8.36612363e+00	9.69050510e+02	0.00000000e+00
1.94490997e+02	1.81128994e-05	9.22387311e-05	8.36612497e+00	9.70029910e+02	0.00000000e+00
1.94687367e+02	9.67605232e-06	4.92746504e-05	8.36613068e+00	9.71009311e+02	0.00000000e+00
1.94883737e+02	1.64274290e-05	8.36555851e-05	8.36614549e+00	9.71988711e+02	0.00000000e+00
1.95080106e+02	1.19418943e-05	6.08132993e-05	8.36617028e+00	9.72968112e+02	0.00000000e+00
1.95276476e+02	1.28340075e-05	6.53563262e-05	8.36620112e+00	9.73947512e+02	0.00000000e+00
1.95472846e+02	9.67211161e-06	4.92545826e-05	8.36623641e+00	9.74926912e+02	0.00000000e+00
1.95669216e+02	7.86673245e-06	4.00608098e-05	8.36627469e+00	9.75906313e+02	0.00000000e+00
1.95865586e+02	1.40837429e-05	7.17205205e-05	8.36631453e+00	9.76885713e+02	0.00000000e+00
1.96061955e+02	7.54542051e-06	3.84245501e-05	8.36635422e+00	9.77865114e+02	0.00000000e+00
1.96258325e+02	1.06350158e-05	5.41581080e-05	8.36639143e+00	9.78844514e+02	0.00000000e+00
1.96454695e+02	1.29340124e-05	6.58655947e-05	8.36642519e+00	9.79823915e+02	0.00000000e+00
1.96651065e+02	1.05475547e-05	5.37127179e-05	8.36645887e+00	9.80803315e+02	0.00000000e+00
1.96847434e+02	6.12331799e-06	3.11825880e-05	8.36649512e+00	9.81782715e+02	0.00000000e+00
1.97043804e+02	1.05701985e-05	5.38280302e-05	8.36653440e+00	9.82762116e+02	0.00000000e+00
1.97240174e+02	1.04015114e-05	5.29690024e-05	8.36657478e+00	9.83741516e+02	0.00000000e+00
1.97436544e+02	1.08006454e-05	5.50015657e-05	8.36661390e+00	9.84720917e+02	0.00000000e+00
1.97632914e+02	9.80966154e-06	4.99550464e-05	8.36665037e+00	9.85700317e+02	0.00000000e+00
1.97829283e+02	7.43053036e-06	3.78394797e-05	8.36668284e+00	9.86679717e+02	0.00000000e+00
1.98025653e+02	5.46145863e-06	2.78121134e-05	8.36671004e+00	9.87659118e+02	0.00000000e+00
1.98222023e+02	8.93087311e-06	4.54798750e-05	8.36672755e+00	9.88638518e+02	0.00000000e+00
1.98418393e+02	9.63859039e-06	4.90838780e-05	8.36673611e+00	9.89617919e+02	0.00000000e+00
1.98614762e+02	1.01011247e-05	5.14393029e-05	8.36673899e+00	9.90597319e+02	0.00000000e+00
1.98811132e+02	1.13295782e-05	5.76951205e-05	8.36673899e+00	9.91576719e+02	0.00000000e+00
1.99007502e+02	1.20288959e-05	6.12563490e-05	8.36673899e+00	9.92556120e+02	0.00000000e+00
1.99203872e+02	1.21152361e-05	6.16960310e-05	8.36673899e+00	9.93535520e+02	0.00000000e+00
1.99400242e+02	1.20923574e-05	6.15795226e-05	8.36673899e+00	9.94514921e+02	0.00000000e+00
1.99596611e+02	1.26759745e-05	6.45515540e-05	8.36673899e+00	9.95494321e+02	0.00000000e+00
1.99792981e+02	1.48550392e-05	7.56482953e-05	8.36673899e+00	9.96473721e+02	0.00000000e+00
1.99989351e+02	5.95473648e-06	3.03240979e-05	8.36673899e+00	9.97453122e+02	0.00000000e+00
2.00185721e+02	7.14811193e-06	3.64012828e-05	8.36673899e+00	9.98432522e+02	0.00000000e+00
2.00382090e+02	1.01099875e-05	5.14844365e-05	8.36673926e+00	9.99411923e+02	0.00000000e+00
2.00578460e+02	8.27851512e-06	4.21577855e-05	8.36674106e+00	1.00039132e+03	0.00000000e+00
2.00774830e+02	1.50702100e-05	7.67440382e-05	8.36675649e+00	1.00137072e+03	0.00000000e+00
2.00971200e+02	1.14285259e-05	5.81990052e-05	8.36678427e+00	1.00235012e+03	0.00000000e+00
2.01167570e+02	6.15092792e-06	3.13231897e-05	8.36682036e+00	1.00332952e+03	0.00000000e+00
2.01363939e+02	4.05142667e-06	2.06316198e-05	8.36686229e+00	1.00430892e+03	0.00000000e+00
2.01560309e+02	9.26593301e-06	4.71861452e-05	8.36690738e+00	1.00528833e+03	0.00000000e+00
2.01756679e+02	1.66356885e-05	8.47161332e-05	8.36695064e+00	1.00626773e+03	0.00000000e+00
2.01953049e+02	2.07449268e-05	1.05642154e-04	8.36698889e+00	1.00724713e+03	0.00000000e+00
2.02149419e+02	2.20612248e-05	1.12345314e-04	8.36701983e+00	1.00822653e+03	0.00000000e+00
2.02345788e+02	2.20513898e-05	1.12295230e-04	8.36704137e+00	1.00920593e+03	2.27343649e+01
